En	1	1
En	2	2
En	3	3
En	4	4
En	5	5
En	6	6
En	7	7
Ex	7	6
Ex	2	5
En	8	6
En	9	7
En	10	8
En	11	9
En	12	10
En	1	1	03:23:02
En	2	2	03:23:15
En	3	3	03:23:26
En	4	4	03:23:27
En	1	1	0	17:27:32	0	0	0	0	0
En	2	1	1	17:27:37	0	0	0	0	0
En	3	2	1	17:27:38	0	0	0	0	0
En	4	3	1	17:27:56	0	0	0	0	0
En	5	3	2	17:27:56	0	0	0	0	0
En	6	4	2	17:32:55	0	0	0	0	0
En	7	4	3	17:32:56	0	0	0	0	0
En	8	5	3	17:32:56	0	0	0	0	0
En	9	6	3	17:32:57	0	0	0	0	0
En	10	7	3	17:32:57	0	0	0	0	0
En	11	8	3	17:32:57	0	0	0	0	0
En	12	8	4	17:32:58	0	0	0	0	0
En	13	9	4	17:32:58	0	0	0	0	0
En	14	9	5	17:32:58	0	0	0	0	0
En	15	9	6	17:32:59	0	0	0	0	0
En	16	10	6	17:32:59	0	0	0	0	0
En	17	10	7	17:33:00	0	0	0	0	0
En	18	11	7	17:33:00	0	0	0	0	0
En	19	11	8	17:33:00	0	0	0	0	0
Ex	2	11	7	17:33:07	0	1	0	0	0
Ex	14	11	6	17:33:08	0	2	0	0	0
Ex	4	10	6	17:33:08	1	2	0	0	0
Ex	19	10	5	17:33:08	1	3	0	0	0
Ex	5	10	4	17:33:09	1	4	0	0	0
Ex	7	10	3	17:33:09	1	5	0	0	0
Ex	15	10	2	17:33:10	1	6	0	0	0
En	20	11	2	17:33:13	1	6	0	0	0
En	21	12	2	17:33:14	1	6	0	0	0
En	22	12	3	17:33:14	1	6	0	0	0
En	23	12	4	17:33:17	1	6	0	0	0
En	24	13	4	17:33:17	1	6	0	0	0
En	25	13	5	17:33:17	1	6	0	0	0
En	26	13	6	17:33:18	1	6	0	0	0
En	27	14	6	17:33:18	1	6	0	0	0
En	28	14	7	17:33:18	1	6	0	0	0
En	29	14	8	17:33:19	1	6	0	0	0
En	30	14	9	17:33:19	1	6	0	0	0
En	31	14	10	17:33:19	1	6	0	0	0
En	32	15	10	17:33:20	1	6	0	0	0
En	33	15	11	17:33:20	1	6	0	0	0
Ex	28	15	10	17:33:27	1	7	0	0	0
Ex	33	15	9	17:33:27	1	8	0	0	0
Ex	17	15	8	17:33:28	1	9	0	0	0
Ex	12	15	7	17:33:28	1	10	0	0	0
Ex	11	14	7	17:33:28	2	10	0	0	0
Ex	23	14	6	17:33:29	2	11	0	0	0
Ex	8	13	6	17:33:29	3	11	0	0	0
Ex	9	12	6	17:33:29	4	11	0	0	0
Ex	16	11	6	17:33:30	5	11	0	0	0
Ex	32	10	6	17:33:30	6	11	0	0	0
Ex	1	9	6	17:33:31	7	11	0	0	0
Pa	31	9	5	17:36:26	7	11	0	0	1
Ma	8	9	5	17:36:31	6	11	1	0	1
Ho	25	9	4	17:36:33	6	11	1	1	1
Ho	26	9	3	17:36:34	6	11	1	2	1
Ho	30	9	2	17:36:36	6	11	1	3	1
Ho	29	9	1	17:36:49	6	11	1	4	1
Ho	22	9	0	17:36:55	6	11	1	5	1
Ma	16	9	0	17:36:57	5	11	2	5	1
En	1	1	0	19:10:59	0	0	0	0	0
En	2	2	0	19:10:59	0	0	0	0	0
En	3	2	1	19:11:00	0	0	0	0	0
En	4	3	1	19:11:00	0	0	0	0	0
En	5	3	2	19:11:00	0	0	0	0	0
En	6	4	2	19:11:01	0	0	0	0	0
En	7	4	3	19:11:01	0	0	0	0	0
En	8	5	3	19:11:01	0	0	0	0	0
En	9	5	4	19:11:02	0	0	0	0	0
En	10	6	4	19:11:02	0	0	0	0	0
En	11	7	4	19:11:02	0	0	0	0	0
En	12	7	5	19:11:03	0	0	0	0	0
En	13	8	5	19:11:03	0	0	0	0	0
En	14	9	5	19:11:03	0	0	0	0	0
En	15	9	6	19:11:04	0	0	0	0	0
En	16	10	6	19:11:04	0	0	0	0	0
En	17	10	7	19:11:04	0	0	0	0	0
En	18	11	7	19:11:05	0	0	0	0	0
En	19	12	7	19:11:05	0	0	0	0	0
En	20	13	7	19:11:06	0	0	0	0	0
En	21	13	8	19:11:06	0	0	0	0	0
En	22	13	9	19:11:06	0	0	0	0	0
En	23	14	9	19:11:07	0	0	0	0	0
Pa	5	14	8	19:11:14	0	0	0	0	1
Ho	22	14	7	19:11:14	0	0	0	1	1
En	1	1	0	19:12:01	0	0	0	0	0
En	2	2	0	19:12:01	0	0	0	0	0
En	3	2	1	19:12:02	0	0	0	0	0
En	4	2	2	19:12:02	0	0	0	0	0
En	5	2	3	19:12:02	0	0	0	0	0
En	6	2	4	19:12:03	0	0	0	0	0
En	7	3	4	19:12:03	0	0	0	0	0
En	8	3	5	19:12:03	0	0	0	0	0
En	9	3	6	19:12:04	0	0	0	0	0
En	10	4	6	19:12:04	0	0	0	0	0
En	11	4	7	19:12:04	0	0	0	0	0
En	12	5	7	19:12:05	0	0	0	0	0
En	13	6	7	19:12:05	0	0	0	0	0
En	14	6	8	19:12:06	0	0	0	0	0
En	15	6	9	19:12:06	0	0	0	0	0
En	16	7	9	19:12:06	0	0	0	0	0
En	17	7	10	19:12:07	0	0	0	0	0
En	18	7	11	19:12:07	0	0	0	0	0
En	19	8	11	19:12:08	0	0	0	0	0
En	20	9	11	19:12:08	0	0	0	0	0
En	21	9	12	19:12:08	0	0	0	0	0
En	22	10	12	19:12:09	0	0	0	0	0
En	23	10	13	19:12:09	0	0	0	0	0
Ex	15	10	12	19:12:13	0	1	0	0	0
Ex	17	10	11	19:12:13	0	2	0	0	0
Ex	23	10	10	19:12:15	0	3	0	0	0
Ex	6	10	9	19:12:15	0	4	0	0	0
Ex	13	9	9	19:12:16	1	4	0	0	0
Ex	3	9	8	19:12:16	1	5	0	0	0
Ex	12	8	8	19:12:16	2	5	0	0	0
Ex	22	7	8	19:12:17	3	5	0	0	0
Ex	7	6	8	19:12:17	4	5	0	0	0
Ex	10	5	8	19:12:18	5	5	0	0	0
Ex	11	5	7	19:12:18	5	6	0	0	0
Ex	20	4	7	19:12:18	6	6	0	0	0
Ex	18	4	6	19:12:24	6	7	0	0	0
Ex	19	3	6	19:12:24	7	7	0	0	0
Ex	1	2	6	19:12:26	8	7	0	0	0
En	24	3	6	19:12:32	8	7	0	0	0
En	25	4	6	19:12:33	8	7	0	0	0
En	26	4	7	19:12:33	8	7	0	0	0
En	27	5	7	19:12:33	8	7	0	0	0
En	28	6	7	19:12:34	8	7	0	0	0
En	29	7	7	19:12:34	8	7	0	0	0
En	30	7	8	19:12:34	8	7	0	0	0
En	31	8	8	19:12:35	8	7	0	0	0
En	32	9	8	19:12:35	8	7	0	0	0
En	33	10	8	19:12:35	8	7	0	0	0
En	34	11	8	19:12:36	8	7	0	0	0
En	35	11	9	19:12:36	8	7	0	0	0
En	36	12	9	19:12:37	8	7	0	0	0
En	37	12	10	19:12:40	8	7	0	0	0
En	38	12	11	19:12:41	8	7	0	0	0
En	39	12	12	19:12:41	8	7	0	0	0
En	40	12	13	19:12:41	8	7	0	0	0
En	41	13	13	19:12:42	8	7	0	0	0
En	42	13	14	19:12:42	8	7	0	0	0
En	43	14	14	19:12:42	8	7	0	0	0
En	44	14	15	19:12:43	8	7	0	0	0
Ma	12	14	15	19:12:50	7	7	1	0	0
Ma	25	13	15	19:12:51	7	7	2	0	0
Ma	34	12	15	19:12:51	7	7	3	0	0
Ma	16	11	15	19:12:51	7	7	4	0	0
Ho	44	11	14	19:12:52	7	7	4	1	0
Pa	40	11	13	19:12:52	7	7	4	1	1
Ma	20	11	13	19:12:52	6	7	5	1	1
Ho	37	11	12	19:12:57	6	7	5	2	1
Ho	21	11	11	19:12:58	6	7	5	3	1
Ma	19	11	11	19:12:58	5	7	6	3	1
Ho	42	11	10	19:12:58	5	7	6	4	1
Ma	36	10	10	19:12:59	5	7	7	4	1
Ma	13	10	10	19:12:59	4	7	8	4	1
Pa	9	10	9	19:12:59	4	7	8	4	2
Ho	4	10	8	19:13:05	4	7	8	5	2
Pa	5	10	7	19:13:06	4	7	8	5	3
Ho	26	10	6	19:13:10	4	7	8	6	3
Ma	28	9	6	19:13:10	4	7	9	6	3
Ma	33	8	6	19:13:12	4	7	10	6	3
Pa	38	8	5	19:13:12	4	7	10	6	4
Ma	1	8	5	19:13:16	3	7	11	6	4
En	45	8	6	19:13:23	3	7	11	6	4
En	46	9	6	19:13:23	3	7	11	6	4
En	47	9	7	19:13:23	3	7	11	6	4
En	48	10	7	19:13:24	3	7	11	6	4
En	49	11	7	19:13:24	3	7	11	6	4
En	50	12	7	19:13:25	3	7	11	6	4
En	51	13	7	19:13:25	3	7	11	6	4
En	52	13	8	19:13:25	3	7	11	6	4
En	53	14	8	19:13:26	3	7	11	6	4
En	54	15	8	19:13:26	3	7	11	6	4
En	55	15	9	19:13:26	3	7	11	6	4
En	56	15	10	19:13:27	3	7	11	6	4
En	57	16	10	19:13:27	3	7	11	6	4
En	58	16	11	19:13:27	3	7	11	6	4
En	59	16	12	19:13:28	3	7	11	6	4
En	60	16	13	19:13:28	3	7	11	6	4
En	61	16	14	19:13:28	3	7	11	6	4
En	62	17	14	19:13:29	3	7	11	6	4
En	63	18	14	19:13:29	3	7	11	6	4
En	64	18	15	19:13:29	3	7	11	6	4
En	65	19	15	19:13:30	3	7	11	6	4
En	66	19	16	19:13:30	3	7	11	6	4
En	67	19	17	19:13:30	3	7	11	6	4
En	68	20	17	19:13:31	3	7	11	6	4
En	69	21	17	19:13:31	3	7	11	6	4
En	10	22	17	19:13:35	2	7	11	6	4
Ex	8	22	16	19:13:35	2	7	11	6	4
En	7	23	16	19:13:35	1	7	11	6	4
En	42	23	16	19:13:36	1	8	11	5	4
En	17	23	17	19:13:36	1	7	11	5	4
En	5	23	18	19:13:36	1	7	11	5	3
En	3	23	19	19:13:37	1	6	11	5	3
Ex	63	22	19	19:13:37	1	6	11	5	3
En	4	22	19	19:13:37	1	7	11	4	3
En	40	22	20	19:13:40	1	7	11	4	2
Ex	56	22	19	19:13:40	1	7	11	4	2
En	70	23	19	19:13:45	1	7	11	4	2
En	71	24	19	19:13:46	1	7	11	4	2
En	72	24	20	19:13:46	1	7	11	4	2
En	73	25	20	19:13:46	1	7	11	4	2
En	74	25	21	19:13:47	1	7	11	4	2
En	75	26	21	19:13:47	1	7	11	4	2
En	76	27	21	19:13:47	1	7	11	4	2
En	77	28	21	19:13:48	1	7	11	4	2
En	78	29	21	19:13:48	1	7	11	4	2
En	79	30	21	19:13:49	1	7	11	4	2
En	80	30	22	19:13:49	1	7	11	4	2
En	81	31	22	19:13:49	1	7	11	4	2
En	82	31	23	19:13:50	1	7	11	4	2
En	83	32	23	19:13:50	1	7	11	4	2
En	84	32	24	19:13:50	1	7	11	4	2
En	85	32	25	19:13:51	1	7	11	4	2
En	86	32	26	19:13:51	1	7	11	4	2
En	87	32	27	19:13:51	1	7	11	4	2
En	88	32	28	19:13:52	1	7	11	4	2
Ex	59	32	27	19:13:55	1	8	11	4	2
Ex	72	32	26	19:13:56	1	9	11	4	2
Ex	10	31	26	19:13:56	2	9	11	4	2
Ex	86	31	25	19:13:56	2	10	11	4	2
Ex	51	30	25	19:13:58	3	10	11	4	2
Ex	49	29	25	19:14:01	4	10	11	4	2
Ex	45	29	24	19:14:06	4	11	11	4	2
Ex	79	28	24	19:14:07	5	11	11	4	2
Ex	60	28	23	19:14:09	5	12	11	4	2
Ex	85	28	22	19:14:09	5	13	11	4	2
Ex	47	28	21	19:14:09	5	14	11	4	2
Ex	17	28	20	19:14:10	5	15	11	4	2
Ex	82	28	19	19:14:10	5	16	11	4	2
Ex	75	27	19	19:14:10	6	16	11	4	2
Ex	27	26	19	19:14:11	7	16	11	4	2
Ex	48	25	19	19:14:13	8	16	11	4	2
Ex	64	25	18	19:14:13	8	17	11	4	2
Ex	52	25	17	19:14:13	8	18	11	4	2
Ex	50	24	17	19:14:14	9	18	11	4	2
Ex	32	23	17	19:14:14	10	18	11	4	2
Ex	68	22	17	19:14:14	11	18	11	4	2
Ex	24	21	17	19:14:15	12	18	11	4	2
Ex	74	21	16	19:14:15	12	19	11	4	2
Ex	43	20	16	19:14:15	13	19	11	4	2
Ex	73	19	16	19:14:16	14	19	11	4	2
Ex	41	18	16	19:14:16	15	19	11	4	2
Ex	84	18	15	19:14:16	15	20	11	4	2
Ex	58	18	14	19:14:17	15	21	11	4	2
Ex	14	18	13	19:14:17	15	22	11	4	2
Ex	46	17	13	19:14:17	16	22	11	4	2
Ho	61	17	12	19:14:25	16	22	11	5	2
Ma	69	16	12	19:14:25	16	22	12	5	2
Ho	66	16	11	19:14:25	16	22	12	6	2
Ma	83	15	11	19:14:26	16	22	13	6	2
Ho	35	15	10	19:14:26	16	22	13	7	2
Pa	39	15	9	19:14:26	16	22	13	7	3
Pa	5	15	8	19:14:27	16	22	13	7	4
Pa	40	15	7	19:14:27	16	22	13	7	5
Ma	68	15	7	19:14:27	15	22	14	7	5
Pa	80	15	6	19:14:28	15	22	14	7	6
Ma	70	14	6	19:14:28	15	22	15	7	6
Ma	71	13	6	19:14:28	15	22	16	7	6
Pa	87	13	5	19:14:30	15	22	16	7	7
Ho	3	13	4	19:14:31	15	22	16	8	7
Ho	88	13	3	19:14:31	15	22	16	9	7
Ho	67	13	2	19:14:31	15	22	16	10	7
Ma	73	13	2	19:14:32	14	22	17	10	7
En	89	13	3	19:14:37	14	22	17	10	7
En	90	14	3	19:14:37	14	22	17	10	7
En	91	15	3	19:14:38	14	22	17	10	7
En	92	15	4	19:14:38	14	22	17	10	7
En	93	16	4	19:14:38	14	22	17	10	7
En	94	16	5	19:14:39	14	22	17	10	7
En	95	16	6	19:14:39	14	22	17	10	7
En	96	17	6	19:14:39	14	22	17	10	7
En	97	17	7	19:14:40	14	22	17	10	7
En	25	17	7	19:14:44	15	22	16	10	7
En	75	18	7	19:14:44	14	22	16	10	7
En	98	19	7	19:15:24	14	22	16	10	7
En	99	19	8	19:15:27	14	22	16	10	7
En	100	19	9	19:15:27	14	22	16	10	7
En	101	20	9	19:15:28	14	22	16	10	7
En	67	20	9	19:15:33	14	23	16	9	7
En	47	20	10	19:15:33	14	22	16	9	7
En	51	21	10	19:15:34	13	22	16	9	7
En	13	21	10	19:15:36	14	22	15	9	7
Ex	30	21	9	19:15:36	14	22	15	9	7
En	36	21	9	19:15:36	15	22	14	9	7
En	22	22	9	19:15:37	14	22	14	9	7
En	85	22	10	19:15:37	14	21	14	9	7
En	87	22	11	19:15:37	14	21	14	9	6
En	88	22	11	19:15:38	14	22	14	8	6
Ex	94	22	10	19:15:38	14	22	14	8	6
Ex	99	22	9	19:15:50	14	23	14	8	6
En	1	0	1	1505071759305	0	0	0	0	0
En	2	0	2	1505071759695	0	0	0	0	0
En	1	1	0	1505072549065	0	0	0	0	0
En	2	1	1	1505072549455	0	0	0	0	0
En	3	2	1	1505072562915	0	0	0	0	0
En	4	3	1	1505072563275	0	0	0	0	0
En	5	4	1	1505072563695	0	0	0	0	0
En	1	0	1	1505072873625	0	0	0	0	0
En	2	1	1	1505072878865	0	0	0	0	0
En	3	2	1	1505072880815	0	0	0	0	0
En	4	2	2	1505072881155	0	0	0	0	0
En	5	2	3	1505072881495	0	0	0	0	0
En	6	2	4	1505072881835	0	0	0	0	0
En	7	2	5	1505072882195	0	0	0	0	0
En	8	3	5	1505072882585	0	0	0	0	0
En	9	3	6	1505072883045	0	0	0	0	0
En	10	4	6	1505072883425	0	0	0	0	0
En	11	4	7	1505072883775	0	0	0	0	0
En	12	4	8	1505072884135	0	0	0	0	0
En	13	5	8	1505072884495	0	0	0	0	0
En	14	6	8	1505072884845	0	0	0	0	0
En	15	6	9	1505072885205	0	0	0	0	0
En	16	6	10	1505072885555	0	0	0	0	0
En	17	7	10	1505072885975	0	0	0	0	0
En	18	8	10	1505072886315	0	0	0	0	0
En	19	9	10	1505072886665	0	0	0	0	0
En	20	9	11	1505072887115	0	0	0	0	0
En	21	10	11	1505072887485	0	0	0	0	0
En	22	11	11	1505072887965	0	0	0	0	0
En	23	11	12	1505072892796	0	0	0	0	0
En	24	12	12	1505073150275	0	0	0	0	0
En	25	13	12	1505073150815	0	0	0	0	0
En	26	14	12	1505073151175	0	0	0	0	0
En	27	14	13	1505073151525	0	0	0	0	0
En	28	15	13	1505073151875	0	0	0	0	0
En	29	15	14	1505073152275	0	0	0	0	0
En	30	16	14	1505073152765	0	0	0	0	0
En	31	16	15	1505073153155	0	0	0	0	0
En	32	17	15	1505073153515	0	0	0	0	0
En	33	17	16	1505073153865	0	0	0	0	0
En	34	17	17	1505073154225	0	0	0	0	0
En	35	18	17	1505073154605	0	0	0	0	0
En	36	18	18	1505073154945	0	0	0	0	0
En	37	19	18	1505073155295	0	0	0	0	0
En	1	0	1	1505074359497	0	0	0	0	0
En	2	1	1	1505074359935	0	0	0	0	0
En	3	1	2	1505074360275	0	0	0	0	0
En	4	1	3	1505074360605	0	0	0	0	0
En	5	2	3	1505074360935	0	0	0	0	0
En	6	2	4	1505074361285	0	0	0	0	0
En	7	3	4	1505074363627	0	0	0	0	0
En	8	4	4	1505074364005	0	0	0	0	0
En	9	5	4	1505074364365	0	0	0	0	0
En	10	5	5	1505074364695	0	0	0	0	0
En	11	5	6	1505074365205	0	0	0	0	0
En	12	5	7	1505074365605	0	0	0	0	0
En	13	6	7	1505074365965	0	0	0	0	0
En	14	7	7	1505074367995	0	0	0	0	0
En	15	8	7	1505074368345	0	0	0	0	0
En	16	8	8	1505074368685	0	0	0	0	0
En	17	9	8	1505074369025	0	0	0	0	0
En	18	10	8	1505074369365	0	0	0	0	0
Ex	8	9	8	1505074374745	1	0	0	0	0
Ex	7	8	8	1505074375135	2	0	0	0	0
Ex	13	7	8	1505074375475	3	0	0	0	0
Ex	3	7	7	1505074375835	3	1	0	0	0
Ex	2	6	7	1505074379435	4	1	0	0	0
Ex	15	5	7	1505074379795	5	1	0	0	0
Ex	5	4	7	1505074380125	6	1	0	0	0
Ex	16	4	6	1505074380455	6	2	0	0	0
Ex	17	3	6	1505074380825	7	2	0	0	0
Ex	10	3	5	1505074381155	7	3	0	0	0
Ex	14	2	5	1505074381525	8	3	0	0	0
Ma	9	1	5	1505074388385	8	3	1	0	0
Ma	13	1	5	1505074388715	7	3	2	0	0
Ho	4	1	4	1505074389075	7	3	2	1	0
Pa	11	1	3	1505074389395	7	3	2	1	1
En	19	1	4	1505074394875	7	3	2	1	1
En	20	1	5	1505074395315	7	3	2	1	1
En	21	2	5	1505074395655	7	3	2	1	1
En	22	3	5	1505074395995	7	3	2	1	1
En	23	3	6	1505074396325	7	3	2	1	1
En	24	3	7	1505074396655	7	3	2	1	1
En	25	4	7	1505074396975	7	3	2	1	1
En	26	5	7	1505074397375	7	3	2	1	1
En	27	6	7	1505074397715	7	3	2	1	1
En	28	6	8	1505074398055	7	3	2	1	1
En	29	6	9	1505074398385	7	3	2	1	1
En	30	7	9	1505074398745	7	3	2	1	1
En	31	7	10	1505074399135	7	3	2	1	1
En	32	8	10	1505074399485	7	3	2	1	1
En	33	8	11	1505074399805	7	3	2	1	1
En	34	8	12	1505074400145	7	3	2	1	1
En	35	8	13	1505074400533	7	3	2	1	1
En	36	8	14	1505074401015	7	3	2	1	1
En	37	8	15	1505074401375	7	3	2	1	1
En	38	8	16	1505074401735	7	3	2	1	1
En	39	9	16	1505074402125	7	3	2	1	1
En	40	9	17	1505074404055	7	3	2	1	1
En	41	10	17	1505074404434	7	3	2	1	1
En	42	10	18	1505074404935	7	3	2	1	1
En	43	10	19	1505074405315	7	3	2	1	1
En	44	10	20	1505074405655	7	3	2	1	1
En	45	10	21	1505074405995	7	3	2	1	1
En	46	10	22	1505074406335	7	3	2	1	1
En	47	11	22	1505074406665	7	3	2	1	1
En	48	12	22	1505074407025	7	3	2	1	1
En	49	13	22	1505074407375	7	3	2	1	1
En	50	14	22	1505074407722	7	3	2	1	1
Ex	25	13	22	1505074416405	8	3	2	1	1
Ex	40	13	21	1505074416805	8	4	2	1	1
Ex	28	13	20	1505074417145	8	5	2	1	1
Ex	49	12	20	1505074417485	9	5	2	1	1
Ex	41	11	20	1505074417815	10	5	2	1	1
Ex	35	11	19	1505074418155	10	6	2	1	1
Ex	27	10	19	1505074418545	11	6	2	1	1
En	51	11	19	1505074428705	11	6	2	1	1
En	52	11	20	1505074429145	11	6	2	1	1
En	53	12	20	1505074429465	11	6	2	1	1
En	54	13	20	1505074429885	11	6	2	1	1
En	55	13	21	1505074430225	11	6	2	1	1
En	56	13	22	1505074430595	11	6	2	1	1
En	57	14	22	1505074430935	11	6	2	1	1
En	58	15	22	1505074431285	11	6	2	1	1
En	59	15	23	1505074431635	11	6	2	1	1
En	60	15	24	1505074432195	11	6	2	1	1
En	61	16	24	1505074432675	11	6	2	1	1
Ex	20	16	23	1505074436255	11	7	2	1	1
Ex	38	16	22	1505074436595	11	8	2	1	1
Ex	33	16	21	1505074436935	11	9	2	1	1
Ex	54	15	21	1505074437285	12	9	2	1	1
Ex	24	15	20	1505074437605	12	10	2	1	1
Ex	31	15	19	1505074442855	12	11	2	1	1
Ex	21	14	19	1505074443215	13	11	2	1	1
Pa	43	14	18	1505074446835	13	11	2	1	2
Ma	27	14	18	1505074447215	12	11	3	1	2
Ma	30	13	18	1505074447655	12	11	4	1	2
Ho	42	13	17	1505074451265	12	11	4	2	2
Ma	26	12	17	1505074451595	12	11	5	2	2
Pa	45	12	16	1505074451915	12	11	5	2	3
Ma	17	12	16	1505074452285	11	11	6	2	3
Ma	25	12	16	1505074455865	10	11	7	2	3
Pa	12	12	15	1505074456215	10	11	7	2	4
Ho	19	12	14	1505074456545	10	11	7	3	4
Pa	1	12	13	1505074456875	10	11	7	3	5
Pa	60	12	12	1505074457225	10	11	7	3	6
Ma	14	12	12	1505074459295	9	11	8	3	6
Ma	50	11	12	1505074459695	9	11	9	3	6
Pa	37	11	11	1505074460035	9	11	9	3	7
Pa	29	11	10	1505074460395	9	11	9	3	8
Pa	44	11	9	1505074460735	9	11	9	3	9
Ma	22	10	9	1505074461427	9	11	10	3	9
Pa	52	10	8	1505074462295	9	11	10	3	10
Ma	49	10	8	1505074462665	8	11	11	3	10
Ho	55	10	7	1505074463015	8	11	11	4	10
Ho	6	10	6	1505074463355	8	11	11	5	10
Ma	7	10	6	1505074463685	7	11	12	5	10
En	41	11	6	1505074475435	6	11	12	5	10
En	15	12	6	1505074479035	5	11	12	5	10
En	11	12	7	1505074479395	5	11	12	5	9
Ex	39	11	7	1505074479755	5	11	12	5	9
En	49	11	7	1505074483375	6	11	11	5	9
En	28	11	8	1505074483715	6	10	11	5	9
En	52	11	9	1505074484235	6	10	11	5	8
En	29	11	10	1505074484565	6	10	11	5	7
En	44	11	11	1505074484895	6	10	11	5	6
En	62	12	11	1505074488525	6	10	11	5	6
En	63	13	11	1505074488935	6	10	11	5	6
En	64	14	11	1505074489325	6	10	11	5	6
En	65	14	12	1505074489645	6	10	11	5	6
En	66	14	13	1505074489995	6	10	11	5	6
En	67	14	14	1505074490325	6	10	11	5	6
En	68	15	14	1505074490675	6	10	11	5	6
En	69	15	15	1505074491025	6	10	11	5	6
En	70	16	15	1505074491355	6	10	11	5	6
En	71	16	16	1505074491705	6	10	11	5	6
En	72	17	16	1505074492065	6	10	11	5	6
En	73	18	16	1505074492385	6	10	11	5	6
En	74	18	17	1505074492785	6	10	11	5	6
En	75	18	18	1505074493105	6	10	11	5	6
En	43	18	19	1505074498295	6	10	11	5	5
Ex	64	17	19	1505074498665	6	10	11	5	5
Ex	62	16	19	1505074499015	6	10	11	5	5
En	8	17	19	1505074499345	5	10	11	5	5
Ex	51	16	19	1505074499697	5	10	11	5	5
En	22	16	19	1505074500015	6	10	10	5	5
Ex	48	15	19	1505074500365	6	10	10	5	5
En	14	15	19	1505074502375	7	10	9	5	5
En	19	15	19	1505074502735	7	11	9	4	5
En	17	15	19	1505074504745	8	11	8	4	5
En	33	15	20	1505074505135	8	10	8	4	5
Ex	72	14	20	1505074513915	9	10	8	4	5
Ex	58	13	20	1505074514285	10	10	8	4	5
Ma	54	13	20	1505074523845	9	10	9	4	5
Ma	17	13	20	1505074524225	8	10	10	4	5
Ho	69	13	19	1505074524575	8	10	10	5	5
Pa	46	13	18	1505074524905	8	10	10	5	6
Ma	53	12	18	1505074525245	8	10	11	5	6
Pa	28	12	17	1505074525595	8	10	11	5	7
En	26	12	17	1505074532705	9	10	10	5	7
En	20	12	18	1505074533065	9	9	10	5	7
En	1	12	19	1505074533435	9	9	10	5	6
En	76	12	20	1505074540335	9	9	10	5	6
En	77	12	21	1505074540705	9	9	10	5	6
En	78	12	22	1505074541035	9	9	10	5	6
En	79	12	23	1505074541385	9	9	10	5	6
En	80	12	24	1505074541725	9	9	10	5	6
En	81	12	25	1505074542065	9	9	10	5	6
En	82	13	25	1505074542415	9	9	10	5	6
En	83	14	25	1505074542755	9	9	10	5	6
En	84	14	26	1505074543115	9	9	10	5	6
En	85	14	27	1505074545205	9	9	10	5	6
En	86	15	27	1505074545535	9	9	10	5	6
En	87	16	27	1505074545865	9	9	10	5	6
En	88	16	28	1505074548835	9	9	10	5	6
Ex	61	15	28	1505074554075	10	9	10	5	6
Ex	82	14	28	1505074554425	11	9	10	5	6
Ex	18	13	28	1505074554755	12	9	10	5	6
Ex	57	12	28	1505074555115	13	9	10	5	6
Ex	78	12	27	1505074555445	13	10	10	5	6
Ex	73	11	27	1505074555765	14	10	10	5	6
Ex	63	10	27	1505074556095	15	10	10	5	6
Ex	15	9	27	1505074558056	16	10	10	5	6
Ex	47	8	27	1505074558425	17	10	10	5	6
Ex	79	8	26	1505074558765	17	11	10	5	6
Ex	70	7	26	1505074559125	18	11	10	5	6
Ex	83	6	26	1505074559455	19	11	10	5	6
Ex	8	5	26	1505074559765	20	11	10	5	6
Ex	56	5	25	1505074560095	20	12	10	5	6
Ex	43	5	24	1505074560445	20	13	10	5	6
Ex	41	4	24	1505074560775	21	13	10	5	6
Ex	87	3	24	1505074561125	22	13	10	5	6
Ex	66	3	23	1505074561505	22	14	10	5	6
Ma	68	2	23	1505074566905	22	14	11	5	6
Ma	86	1	23	1505074567252	22	14	12	5	6
Pa	23	1	22	1505074567645	22	14	12	5	7
Ma	32	0	22	1505074567955	22	14	13	5	7
Ma	58	0	22	1505074568295	21	14	14	5	7
Pa	52	0	21	1505074568655	21	14	14	5	8
En	89	1	21	1505074575898	21	14	14	5	8
En	90	2	21	1505074576335	21	14	14	5	8
En	91	2	22	1505074576695	21	14	14	5	8
En	92	3	22	1505074577035	21	14	14	5	8
En	93	4	22	1505074577385	21	14	14	5	8
En	94	5	22	1505074577715	21	14	14	5	8
En	95	6	22	1505074578085	21	14	14	5	8
En	96	7	22	1505074578435	21	14	14	5	8
En	97	7	23	1505074578775	21	14	14	5	8
En	98	7	24	1505074579135	21	14	14	5	8
En	99	8	24	1505074579505	21	14	14	5	8
En	100	9	24	1505074579845	21	14	14	5	8
En	101	9	25	1505074580228	21	14	14	5	8
En	69	9	25	1505074587445	21	15	14	4	8
En	70	10	25	1505074587815	20	15	14	4	8
En	32	10	25	1505074589085	21	15	13	4	8
En	18	11	25	1505074589425	20	15	13	4	8
En	30	11	25	1505074591455	21	15	12	4	8
Ex	93	10	25	1505074597945	21	15	12	4	8
En	32	11	25	1505074601735	20	15	12	4	8
En	102	12	25	1505074606395	20	15	12	4	8
En	103	13	25	1505074606945	20	15	12	4	8
En	104	14	25	1505074607625	20	15	12	4	8
En	105	15	25	1505074608305	20	15	12	4	8
En	106	16	25	1505074608975	20	15	12	4	8
En	107	16	26	1505074613015	20	15	12	4	8
En	108	16	27	1505074613975	20	15	12	4	8
En	109	17	27	1505074614875	20	15	12	4	8
En	110	18	27	1505074615445	20	15	12	4	8
En	111	18	28	1505074616195	20	15	12	4	8
En	112	18	29	1505074616895	20	15	12	4	8
En	113	19	29	1505074617955	20	15	12	4	8
En	114	19	30	1505074618905	20	15	12	4	8
En	115	19	31	1505074619565	20	15	12	4	8
En	116	19	32	1505074620495	20	15	12	4	8
En	117	19	33	1505074621315	20	15	12	4	8
En	118	19	34	1505074622135	20	15	12	4	8
En	119	19	35	1505074622705	20	15	12	4	8
En	120	20	35	1505074623215	20	15	12	4	8
En	121	21	35	1505074623915	20	15	12	4	8
Ex	90	20	35	1505074629925	21	15	12	4	8
Ex	116	20	34	1505074630395	21	16	12	4	8
Ex	95	19	34	1505074631245	22	16	12	4	8
Ex	18	18	34	1505074631745	23	16	12	4	8
Ex	102	17	34	1505074632395	24	16	12	4	8
Ex	114	17	33	1505074632865	24	17	12	4	8
Ex	32	16	33	1505074633395	25	17	12	4	8
Ex	119	16	32	1505074633935	25	18	12	4	8
Ex	94	15	32	1505074634635	26	18	12	4	8
Ma	104	14	32	1505074642135	26	18	13	4	8
Ma	113	13	32	1505074642755	26	18	14	4	8
Ma	72	13	32	1505074644195	25	18	15	4	8
Ho	75	13	31	1505074644813	25	18	15	5	8
Ma	109	12	31	1505074648775	25	18	16	5	8
Ho	1	12	30	1505074649335	25	18	16	6	8
Ma	110	11	30	1505074649979	25	18	17	6	8
Ma	87	11	30	1505074652385	24	18	18	6	8
Ma	105	10	30	1505074653175	24	18	19	6	8
Ho	111	10	29	1505074657055	24	18	19	7	8
Ma	32	10	29	1505074657570	23	18	20	7	8
Ho	74	10	28	1505074658115	23	18	20	8	8
En	7	10	28	1505074663625	24	18	19	8	8
En	61	11	28	1505074664075	23	18	19	8	8
En	28	11	29	1505074664612	23	18	19	8	7
En	41	12	29	1505074665015	22	18	19	8	7
Ex	61	11	29	1505074665584	22	18	19	8	7
En	53	11	29	1505074666125	23	18	18	8	7
En	21	12	29	1505074670035	22	18	18	8	7
Ex	103	11	29	1505074670565	22	18	18	8	7
En	3	11	30	1505074671105	22	17	18	8	7
En	104	11	30	1505074671555	23	17	17	8	7
Ex	100	10	30	1505074672026	23	17	17	8	7
En	46	10	31	1505074675215	23	17	17	8	6
Ex	65	10	30	1505074678975	23	17	17	8	6
En	45	10	31	1505074679525	23	17	17	8	5
Ex	120	9	31	1505074679985	23	17	17	8	5
En	74	9	31	1505074680815	23	18	17	7	5
En	4	9	31	1505074681365	23	19	17	6	5
Ex	44	9	30	1505074681795	23	19	17	6	5
En	49	10	30	1505074682305	22	19	17	6	5
En	90	11	30	1505074684505	21	19	17	6	5
En	19	11	31	1505074689225	21	18	17	6	5
En	30	12	31	1505074689695	20	18	17	6	5
Ex	41	11	31	1505074690155	20	18	17	6	5
En	9	11	31	1505074690685	21	18	16	6	5
En	113	11	31	1505074691155	22	18	15	6	5
Ex	96	10	31	1505074691735	22	18	15	6	5
En	79	10	32	1505074699115	22	17	15	6	5
En	114	10	33	1505074700145	22	16	15	6	5
En	52	10	34	1505074701005	22	16	15	6	4
En	37	10	35	1505074701866	22	16	15	6	3
En	42	10	35	1505074702415	22	17	15	5	3
En	22	11	35	1505074703065	21	17	15	5	3
En	87	11	35	1505074703975	22	17	14	5	3
En	66	11	36	1505074704815	22	16	14	5	3
En	74	11	37	1505074706370	22	15	14	5	3
En	12	11	38	1505074706835	22	15	14	5	2
Pa	28	11	37	1505074713815	22	15	14	5	3
Ho	107	11	36	1505074714275	22	15	14	6	3
Pa	20	11	35	1505074714752	22	15	14	6	4
Ma	92	10	35	1505074715205	22	15	15	6	4
Ma	9	10	35	1505074717275	21	15	16	6	4
Pa	114	10	34	1505074717782	21	15	16	6	5
Ma	89	9	34	1505074721312	21	15	17	6	5
Ma	121	8	34	1505074721805	21	15	18	6	5
Pa	76	8	33	1505074722335	21	15	18	6	6
Pa	71	8	32	1505074722925	21	15	18	6	7
Ma	113	8	32	1505074724935	20	15	19	6	7
Ma	90	7	32	1505074726486	20	15	20	6	7
Pa	91	7	31	1505074727035	20	15	20	6	8
Ma	22	6	31	1505074727515	20	15	21	6	8
Ma	18	6	31	1505074728025	19	15	22	6	8
Pa	118	6	30	1505074728585	19	15	22	6	9
En	122	7	30	1505074732345	19	15	22	6	9
En	123	8	30	1505074732952	19	15	22	6	9
En	124	9	30	1505074733435	19	15	22	6	9
En	125	10	30	1505074733915	19	15	22	6	9
En	126	10	31	1505074734495	19	15	22	6	9
En	127	10	32	1505074738165	19	15	22	6	9
En	128	10	33	1505074739595	19	15	22	6	9
En	129	10	34	1505074740015	19	15	22	6	9
En	130	11	34	1505074740555	19	15	22	6	9
En	1	0	1	1505226639171	0	0	0	0	0
En	2	0	2	1505226639630	0	0	0	0	0
En	3	0	3	1505226694411	0	0	0	0	0
En	4	0	4	1505226694781	0	0	0	0	0
En	5	1	4	1505226695121	0	0	0	0	0
En	1	0	1	1505227218441	0	0	0	0	0
En	2	1	1	1505227218841	0	0	0	0	0
En	3	1	2	1505227238820	0	0	0	0	0
En	1	1	0	1505227550021	0	0	0	0	0
En	2	1	1	1505227550431	0	0	0	0	0
En	3	2	1	1505227550761	0	0	0	0	0
En	1	1	0	1505227596151	0	0	0	0	0
En	2	2	0	1505227596581	0	0	0	0	0
En	3	2	1	1505227613801	0	0	0	0	0
En	4	3	1	1505227614191	0	0	0	0	0
En	5	3	2	1505227634310	0	0	0	0	0
En	1	0	1	1505228092680	0	0	0	0	0
En	1	0	1	1505228168000	0	0	0	0	0
En	2	1	1	1505228168420	0	0	0	0	0
En	3	1	2	1505228168730	0	0	0	0	0
En	4	1	3	1505228177160	0	0	0	0	0
En	5	2	3	1505228177540	0	0	0	0	0
En	1	1	0	1505228375440	0	0	0	0	0
En	2	1	1	1505228375851	0	0	0	0	0
En	3	2	1	1505228382851	0	0	0	0	0
En	4	3	1	1505228383211	0	0	0	0	0
En	5	4	1	1505228383551	0	0	0	0	0
En	6	4	2	1505228383881	0	0	0	0	0
En	7	4	3	1505228384210	0	0	0	0	0
En	8	4	4	1505228384551	0	0	0	0	0
En	9	5	4	1505228384900	0	0	0	0	0
En	10	6	4	1505228385220	0	0	0	0	0
Ex	5	5	4	1505228392120	1	0	0	0	0
Ex	7	5	3	1505228392491	1	1	0	0	0
Ex	10	4	3	1505228392851	2	1	0	0	0
Ex	9	3	3	1505228403100	3	1	0	0	0
En	11	4	3	1505228406781	3	1	0	0	0
En	12	5	3	1505228407171	3	1	0	0	0
En	13	5	4	1505228407521	3	1	0	0	0
En	14	5	5	1505228407860	3	1	0	0	0
En	15	5	6	1505228408221	3	1	0	0	0
En	16	6	6	1505228408621	3	1	0	0	0
En	17	7	6	1505228409011	3	1	0	0	0
En	18	8	6	1505228409371	3	1	0	0	0
En	19	8	7	1505228409701	3	1	0	0	0
En	20	9	7	1505228410031	3	1	0	0	0
Ex	6	9	6	1505228414051	3	2	0	0	0
Ex	3	8	6	1505228414461	4	2	0	0	0
Ex	2	8	5	1505228414801	4	3	0	0	0
Ex	12	7	5	1505228415111	5	3	0	0	0
Ex	17	6	5	1505228415461	6	3	0	0	0
Pa	14	6	4	1505228422250	6	3	0	0	1
Pa	13	6	3	1505228422640	6	3	0	0	2
Ma	17	6	3	1505228422970	5	3	1	0	2
Pa	19	6	2	1505228423310	5	3	1	0	3
Ma	9	6	2	1505228423640	4	3	2	0	3
Ma	3	6	2	1505228424011	3	3	3	0	3
En	21	7	2	1505228429221	3	3	3	0	3
En	22	7	3	1505228429631	3	3	3	0	3
En	23	8	3	1505228429981	3	3	3	0	3
En	24	8	4	1505228430331	3	3	3	0	3
En	25	9	4	1505228430675	3	3	3	0	3
En	26	9	5	1505228431051	3	3	3	0	3
En	27	9	6	1505228431370	3	3	3	0	3
En	28	9	7	1505228431691	3	3	3	0	3
En	29	9	8	1505228432051	3	3	3	0	3
En	30	10	8	1505228432400	3	3	3	0	3
En	31	11	8	1505228432771	3	3	3	0	3
En	32	11	9	1505228433141	3	3	3	0	3
En	33	11	10	1505228433471	3	3	3	0	3
En	34	11	11	1505228433833	3	3	3	0	3
Ex	20	10	11	1505228440951	4	3	3	0	3
Ex	27	10	10	1505228441330	4	4	3	0	3
Ex	33	10	9	1505228441681	4	5	3	0	3
Ex	28	10	8	1505228442000	4	6	3	0	3
Ex	26	10	7	1505228442330	4	7	3	0	3
Ex	22	10	6	1505228442671	4	8	3	0	3
Ex	32	10	5	1505228443011	4	9	3	0	3
Ex	34	10	4	1505228443350	4	10	3	0	3
Ex	11	9	4	1505228443761	5	10	3	0	3
Ex	25	8	4	1505228444111	6	10	3	0	3
Ex	4	7	4	1505228444451	7	10	3	0	3
Ma	20	7	4	1505228448140	6	10	4	0	3
Ho	29	7	3	1505228448490	6	10	4	1	3
Pa	15	7	2	1505228448830	6	10	4	1	4
Ma	10	7	2	1505228449161	5	10	5	1	4
Ma	11	7	2	1505228449490	4	10	6	1	4
Pa	8	7	1	1505228449801	4	10	6	1	5
En	25	8	1	1505228475401	3	10	6	1	5
En	11	8	1	1505228475771	4	10	5	1	5
En	2	8	2	1505228476121	4	9	5	1	5
Ex	16	7	2	1505228476441	4	9	5	1	5
En	1	1	0	1505228758910	0	0	0	0	0
En	2	2	0	1505228759330	0	0	0	0	0
En	3	2	1	1505228771100	0	0	0	0	0
En	4	2	2	1505228771451	0	0	0	0	0
En	5	3	2	1505228771850	0	0	0	0	0
En	6	3	3	1505228772161	0	0	0	0	0
En	7	3	4	1505228772490	0	0	0	0	0
En	8	4	4	1505228772830	0	0	0	0	0
En	9	4	5	1505228773170	0	0	0	0	0
En	10	4	6	1505228773500	0	0	0	0	0
En	11	5	6	1505228773830	0	0	0	0	0
En	12	6	6	1505228774170	0	0	0	0	0
En	13	7	6	1505228774510	0	0	0	0	0
En	14	7	7	1505228774890	0	0	0	0	0
En	15	7	8	1505228775221	0	0	0	0	0
En	16	7	9	1505228775551	0	0	0	0	0
En	17	7	10	1505228775924	0	0	0	0	0
En	18	7	11	1505228776250	0	0	0	0	0
En	19	8	11	1505228776641	0	0	0	0	0
En	20	9	11	1505229013300	0	0	0	0	0
En	21	9	12	1505229013690	0	0	0	0	0
En	22	10	12	1505229014070	0	0	0	0	0
Ex	18	10	11	1505231073620	0	1	0	0	0
Ex	16	10	10	1505231073990	0	2	0	0	0
Ex	9	10	9	1505231074430	0	3	0	0	0
Ex	14	10	8	1505231074870	0	4	0	0	0
Ex	13	9	8	1505231075221	1	4	0	0	0
Ex	19	8	8	1505231075561	2	4	0	0	0
Ex	17	8	7	1505231075913	2	5	0	0	0
Ex	2	7	7	1505231076300	3	5	0	0	0
Ex	4	7	6	1505231076640	3	6	0	0	0
Ex	6	7	5	1505231076980	3	7	0	0	0
Ex	12	6	5	1505231077310	4	7	0	0	0
Ex	1	5	5	1505231077700	5	7	0	0	0
Ex	10	5	4	1505231078041	5	8	0	0	0
Ex	7	5	3	1505231078400	5	9	0	0	0
Ex	5	4	3	1505231078730	6	9	0	0	0
Ex	21	4	2	1505231079090	6	10	0	0	0
Ex	15	4	1	1505231079561	6	11	0	0	0
Ex	22	3	1	1505231079930	7	11	0	0	0
Ex	3	3	0	1505231080280	7	12	0	0	0
Ex	11	2	0	1505231080610	8	12	0	0	0
Ex	8	1	0	1505231080951	9	12	0	0	0
Ex	20	0	0	1505231081500	10	12	0	0	0
En	1	0	1	1505231819890	0	0	0	0	0
En	2	1	1	1505231820360	0	0	0	0	0
En	3	2	1	1505231820700	0	0	0	0	0
En	4	2	2	1505231821079	0	0	0	0	0
En	5	2	3	1505231821470	0	0	0	0	0
En	6	2	4	1505231821830	0	0	0	0	0
En	7	2	5	1505231822180	0	0	0	0	0
En	8	2	6	1505231822521	0	0	0	0	0
En	9	3	6	1505231822900	0	0	0	0	0
En	10	3	7	1505231823260	0	0	0	0	0
En	11	3	8	1505231823610	0	0	0	0	0
En	12	3	9	1505231827210	0	0	0	0	0
En	13	4	9	1505231827580	0	0	0	0	0
En	14	4	10	1505231827901	0	0	0	0	0
En	15	5	10	1505231828241	0	0	0	0	0
En	16	6	10	1505231828590	0	0	0	0	0
En	17	6	11	1505231828930	0	0	0	0	0
En	18	7	11	1505231829260	0	0	0	0	0
En	19	7	12	1505231829600	0	0	0	0	0
En	20	8	12	1505231829910	0	0	0	0	0
En	21	8	13	1505231830321	0	0	0	0	0
En	22	9	13	1505231830660	0	0	0	0	0
En	23	9	14	1505231830990	0	0	0	0	0
En	24	10	14	1505231831380	0	0	0	0	0
Ex	22	9	14	1505231836680	1	0	0	0	0
Ex	6	9	13	1505231837050	1	1	0	0	0
Ex	10	9	12	1505231837381	1	2	0	0	0
Ex	16	8	12	1505231837720	2	2	0	0	0
En	25	9	12	1505231847910	2	2	0	0	0
En	26	10	12	1505231848240	2	2	0	0	0
En	27	11	12	1505231848640	2	2	0	0	0
En	28	12	12	1505231848980	2	2	0	0	0
En	29	12	13	1505231849320	2	2	0	0	0
En	30	12	14	1505231849680	2	2	0	0	0
En	31	13	14	1505231850000	2	2	0	0	0
En	32	13	15	1505231850350	2	2	0	0	0
En	33	13	16	1505231850700	2	2	0	0	0
En	34	13	17	1505231851161	2	2	0	0	0
Ex	28	12	17	1505231857170	3	2	0	0	0
Ex	2	11	17	1505231857530	4	2	0	0	0
Ex	32	11	16	1505231857860	4	3	0	0	0
Ex	25	10	16	1505231858260	5	3	0	0	0
Ex	14	10	15	1505231858620	5	4	0	0	0
Ex	23	10	14	1505231859290	5	5	0	0	0
Ex	21	10	13	1505231859630	5	6	0	0	0
Ex	18	9	13	1505231859961	6	6	0	0	0
Ex	31	8	13	1505231860310	7	6	0	0	0
Ex	34	8	12	1505231860640	7	7	0	0	0
Ex	29	8	11	1505231861000	7	8	0	0	0
Ex	11	8	10	1505231861340	7	9	0	0	0
Ex	26	7	10	1505231861674	8	9	0	0	0
Ex	9	6	10	1505231862020	9	9	0	0	0
Ex	8	6	9	1505231862360	9	10	0	0	0
Ex	4	6	8	1505231862720	9	11	0	0	0
Ma	24	5	8	1505231866350	9	11	1	0	0
Ma	27	4	8	1505231866700	9	11	2	0	0
Ma	3	3	8	1505231867030	9	11	3	0	0
Ma	13	2	8	1505231867360	9	11	4	0	0
Ma	9	2	8	1505231867690	8	11	5	0	0
Pa	5	2	7	1505231868040	8	11	5	0	1
Ma	15	1	7	1505231868360	8	11	6	0	1
En	35	1	8	1505231871900	8	11	6	0	1
En	36	1	9	1505231872230	8	11	6	0	1
En	37	1	10	1505231872610	8	11	6	0	1
En	38	1	11	1505231872940	8	11	6	0	1
En	39	1	12	1505231873270	8	11	6	0	1
En	40	2	12	1505231873601	8	11	6	0	1
En	41	2	13	1505231873940	8	11	6	0	1
En	42	3	13	1505231874290	8	11	6	0	1
En	43	3	14	1505231874630	8	11	6	0	1
En	44	3	15	1505231874970	8	11	6	0	1
En	45	4	15	1505231875590	8	11	6	0	1
En	46	4	16	1505231875930	8	11	6	0	1
En	47	5	16	1505231876260	8	11	6	0	1
En	48	5	17	1505231876711	8	11	6	0	1
En	49	6	17	1505231877060	8	11	6	0	1
En	50	7	17	1505231877401	8	11	6	0	1
En	51	8	17	1505231877740	8	11	6	0	1
En	52	9	17	1505231878080	8	11	6	0	1
En	53	9	18	1505231878420	8	11	6	0	1
En	54	9	19	1505231878790	8	11	6	0	1
En	55	10	19	1505231879110	8	11	6	0	1
En	56	10	20	1505231879467	8	11	6	0	1
En	57	11	20	1505231879830	8	11	6	0	1
Pa	12	11	19	1505231883670	8	11	6	0	2
Ma	51	10	19	1505231884070	8	11	7	0	2
Ma	28	10	19	1505231884430	7	11	8	0	2
Pa	33	10	18	1505231884820	7	11	8	0	3
Ma	18	10	18	1505231885150	6	11	9	0	3
Ma	57	9	18	1505231885490	6	11	10	0	3
Ma	42	8	18	1505231885830	6	11	11	0	3
Ma	2	8	18	1505231886270	5	11	12	0	3
Ho	37	8	17	1505231886590	5	11	12	1	3
Pa	35	8	16	1505231886960	5	11	12	1	4
Ma	22	8	16	1505231887360	4	11	13	1	4
Ma	50	7	16	1505231887720	4	11	14	1	4
Ma	20	6	16	1505231888051	4	11	15	1	4
Ma	45	5	16	1505231888400	4	11	16	1	4
Ma	26	5	16	1505231888740	3	11	17	1	4
Pa	36	5	15	1505231889100	3	11	17	1	5
Ho	30	5	14	1505231892710	3	11	17	2	5
Ma	40	4	14	1505231893050	3	11	18	2	5
Ma	47	3	14	1505231893430	3	11	19	2	5
Ho	41	3	13	1505231893760	3	11	19	3	5
En	5	3	14	1505231903920	3	11	19	3	4
En	12	3	15	1505231904331	3	11	19	3	3
Ex	52	2	15	1505231906300	3	11	19	3	3
En	35	2	16	1505231906651	3	11	19	3	2
En	25	3	16	1505231906980	2	11	19	3	2
En	33	3	17	1505231907310	2	11	19	3	1
En	40	3	17	1505231909350	3	11	18	3	1
Ex	25	2	17	1505231909700	3	11	18	3	1
En	29	2	18	1505231910081	3	10	18	3	1
En	50	2	18	1505231910430	4	10	17	3	1
En	58	2	19	1505232130850	4	10	17	3	1
En	59	2	20	1505232131210	4	10	17	3	1
En	60	2	21	1505232131551	4	10	17	3	1
En	61	3	21	1505232131890	4	10	17	3	1
En	62	4	21	1505232132231	4	10	17	3	1
En	63	5	21	1505232132580	4	10	17	3	1
En	64	5	22	1505232132971	4	10	17	3	1
En	65	5	23	1505232133350	4	10	17	3	1
En	66	6	23	1505232133690	4	10	17	3	1
En	67	7	23	1505232134031	4	10	17	3	1
En	68	7	24	1505232134380	4	10	17	3	1
En	69	7	25	1505232134710	4	10	17	3	1
En	70	7	26	1505232135050	4	10	17	3	1
En	71	8	26	1505232135400	4	10	17	3	1
En	72	8	27	1505232135730	4	10	17	3	1
Ex	68	8	26	1505232145890	4	11	17	3	1
Ex	67	7	26	1505232146310	5	11	17	3	1
Ex	48	7	25	1505232146880	5	12	17	3	1
Ex	49	6	25	1505232147290	6	12	17	3	1
Ex	54	6	24	1505232147650	6	13	17	3	1
Ex	61	5	24	1505232148110	7	13	17	3	1
Ex	17	5	23	1505232148506	7	14	17	3	1
Ex	63	4	23	1505232148960	8	14	17	3	1
Ex	5	4	22	1505232149360	8	15	17	3	1
Ex	56	4	21	1505232149731	8	16	17	3	1
Pa	46	4	20	1505232153370	8	16	17	3	2
Pa	64	4	19	1505232153720	8	16	17	3	3
Ho	72	4	18	1505232154073	8	16	17	4	3
Ma	49	4	18	1505232154460	7	16	18	4	3
Ma	50	4	18	1505232154850	6	16	19	4	3
Ma	61	4	18	1505232155180	5	16	20	4	3
Pa	7	4	17	1505232155530	5	16	20	4	4
Ma	31	4	17	1505232155870	4	16	21	4	4
En	7	4	18	1505232161051	4	16	21	4	3
Ex	62	3	18	1505232161532	4	16	21	4	3
En	34	3	19	1505232161910	4	15	21	4	3
En	49	3	19	1505232162240	5	15	20	4	3
En	3	3	19	1505232162591	6	15	19	4	3
En	22	3	19	1505232162940	7	15	18	4	3
En	49	4	19	1505232164980	6	15	18	4	3
En	5	4	20	1505232165331	6	14	18	4	3
Ex	66	3	20	1505232165660	6	14	18	4	3
Ex	29	3	19	1505232854160	6	15	18	4	3
Ex	55	2	19	1505232854550	7	15	18	4	3
Ex	49	1	19	1505232854900	8	15	18	4	3
Ex	71	0	19	1505232855291	9	15	18	4	3
Ex	39	0	18	1505232856050	9	16	18	4	3
Ex	7	0	17	1505232856461	9	17	18	4	3
Ex	12	0	16	1505232856780	9	18	18	4	3
Ex	69	0	15	1505232857160	9	19	18	4	3
Ex	34	0	14	1505232857520	9	20	18	4	3
Ex	60	0	13	1505232858540	9	21	18	4	3
Ex	35	0	12	1505232858950	9	22	18	4	3
Ex	59	0	11	1505232859490	9	23	18	4	3
Ex	65	0	10	1505232859863	9	24	18	4	3
Ex	5	0	9	1505232860589	9	25	18	4	3
Ex	1	0	8	1505232861170	9	26	18	4	3
Ex	44	0	7	1505232861551	9	27	18	4	3
Ex	70	0	6	1505232862150	9	28	18	4	3
Ex	58	0	5	1505232862750	9	29	18	4	3
Ex	38	0	4	1505232863151	9	30	18	4	3
Ex	43	0	3	1505232864150	9	31	18	4	3
Ex	19	0	2	1505232864940	9	32	18	4	3
En	1	0	1	1505235944100	0	0	0	0	0
En	2	1	1	1505235944530	0	0	0	0	0
En	3	1	2	1505235944881	0	0	0	0	0
En	4	1	3	1505235945217	0	0	0	0	0
En	5	1	4	1505235945550	0	0	0	0	0
En	6	2	4	1505235945910	0	0	0	0	0
En	7	2	5	1505235946310	0	0	0	0	0
En	8	2	6	1505235946650	0	0	0	0	0
En	9	3	6	1505235947060	0	0	0	0	0
En	10	3	7	1505235947390	0	0	0	0	0
En	11	3	8	1505235947730	0	0	0	0	0
En	12	4	8	1505235948080	0	0	0	0	0
En	13	4	9	1505235951740	0	0	0	0	0
En	14	4	10	1505235952100	0	0	0	0	0
En	15	5	10	1505235952440	0	0	0	0	0
En	16	5	11	1505235955920	0	0	0	0	0
En	17	6	11	1505235956260	0	0	0	0	0
En	18	6	12	1505235956630	0	0	0	0	0
En	19	7	12	1505235956960	0	0	0	0	0
En	1	1	0	1505236032243	0	0	0	0	0
En	2	2	0	1505236032620	0	0	0	0	0
En	3	2	1	1505236032970	0	0	0	0	0
En	4	2	2	1505236033330	0	0	0	0	0
En	5	2	3	1505236033670	0	0	0	0	0
En	6	2	4	1505236053711	0	0	0	0	0
En	7	3	4	1505236054060	0	0	0	0	0
En	8	4	4	1505236056120	0	0	0	0	0
En	9	4	5	1505236056511	0	0	0	0	0
En	10	4	6	1505236125220	0	0	0	0	0
En	11	4	7	1505236153780	0	0	0	0	0
En	12	5	7	1505236154121	0	0	0	0	0
En	13	6	7	1505236154481	0	0	0	0	0
En	14	6	8	1505236154840	0	0	0	0	0
En	15	6	9	1505236155180	0	0	0	0	0
En	16	7	9	1505236155531	0	0	0	0	0
En	17	8	9	1505236155881	0	0	0	0	0
En	18	8	10	1505236156220	0	0	0	0	0
En	19	8	11	1505236156571	0	0	0	0	0
En	20	9	11	1505236157011	0	0	0	0	0
En	21	9	12	1505236157611	0	0	0	0	0
En	22	10	12	1505236157940	0	0	0	0	0
En	23	10	13	1505236158351	0	0	0	0	0
En	24	10	14	1505236158721	0	0	0	0	0
En	25	11	14	1505236159051	0	0	0	0	0
En	26	11	15	1505236159390	0	0	0	0	0
En	27	11	16	1505236159750	0	0	0	0	0
En	28	12	16	1505236160100	0	0	0	0	0
En	29	13	16	1505236160481	0	0	0	0	0
En	30	13	17	1505236160830	0	0	0	0	0
En	31	14	17	1505236161220	0	0	0	0	0
En	32	14	18	1505236161551	0	0	0	0	0
En	33	14	19	1505236161920	0	0	0	0	0
Ex	12	13	19	1505236168840	1	0	0	0	0
Ex	27	13	18	1505236170891	1	1	0	0	0
Ex	31	12	18	1505236171230	2	1	0	0	0
Ex	33	12	17	1505236171580	2	2	0	0	0
Ex	19	12	16	1505236171911	2	3	0	0	0
Ex	9	12	15	1505236172251	2	4	0	0	0
Ex	32	12	14	1505236172601	2	5	0	0	0
Ex	16	11	14	1505236172939	3	5	0	0	0
Ex	21	11	13	1505236173520	3	6	0	0	0
Ex	22	10	13	1505236173880	4	6	0	0	0
Ex	5	10	12	1505236174230	4	7	0	0	0
Ex	28	9	12	1505236174581	5	7	0	0	0
Ex	2	8	12	1505236174974	6	7	0	0	0
Ex	20	7	12	1505236175301	7	7	0	0	0
Ex	8	6	12	1505236175661	8	7	0	0	0
Ex	1	5	12	1505236176041	9	7	0	0	0
Ex	7	4	12	1505236176391	10	7	0	0	0
Ma	29	3	12	1505236192470	10	7	1	0	0
Ma	17	2	12	1505236192850	10	7	2	0	0
Ma	20	2	12	1505236193190	9	7	3	0	0
En	34	2	13	1505236196820	9	7	3	0	0
En	35	2	14	1505236197170	9	7	3	0	0
En	36	3	14	1505236197523	9	7	3	0	0
En	37	4	14	1505236197871	9	7	3	0	0
En	38	4	15	1505236198221	9	7	3	0	0
En	39	4	16	1505236198571	9	7	3	0	0
En	40	5	16	1505236198930	9	7	3	0	0
En	41	5	17	1505236199290	9	7	3	0	0
En	42	6	17	1505236199671	9	7	3	0	0
En	43	7	17	1505236200001	9	7	3	0	0
En	44	8	17	1505236200321	9	7	3	0	0
En	45	8	18	1505236200690	9	7	3	0	0
En	46	8	19	1505236201057	9	7	3	0	0
En	47	9	19	1505236201771	9	7	3	0	0
En	48	10	19	1505236202461	9	7	3	0	0
En	49	10	20	1505236202831	9	7	3	0	0
En	50	11	20	1505236203240	9	7	3	0	0
En	51	12	20	1505236203590	9	7	3	0	0
En	52	12	21	1505236203940	9	7	3	0	0
Ex	10	12	20	1505236207610	9	8	3	0	0
Ex	43	11	20	1505236207981	10	8	3	0	0
Ex	48	10	20	1505236208367	11	8	3	0	0
Ex	25	9	20	1505236208811	12	8	3	0	0
Ex	36	8	20	1505236209211	13	8	3	0	0
Ex	40	7	20	1505236209561	14	8	3	0	0
Ex	30	7	19	1505236209931	14	9	3	0	0
Ex	11	7	18	1505236210321	14	10	3	0	0
Ex	3	7	17	1505236210700	14	11	3	0	0
Ex	26	7	16	1505236211081	14	12	3	0	0
Ex	50	6	16	1505236211461	15	12	3	0	0
Ex	44	5	16	1505236211881	16	12	3	0	0
Ex	51	4	16	1505236212241	17	12	3	0	0
Ex	47	3	16	1505236212591	18	12	3	0	0
Ex	49	3	15	1505236212971	18	13	3	0	0
Ex	38	3	14	1505236213361	18	14	3	0	0
Ex	52	3	13	1505236213721	18	15	3	0	0
Ex	46	3	12	1505236214081	18	16	3	0	0
Ex	13	2	12	1505236214441	19	16	3	0	0
Ex	37	1	12	1505236214811	20	16	3	0	0
En	53	2	12	1505236219951	20	16	3	0	0
En	54	2	13	1505236220340	20	16	3	0	0
En	55	2	14	1505236220720	20	16	3	0	0
En	56	3	14	1505236221101	20	16	3	0	0
En	57	4	14	1505236221473	20	16	3	0	0
En	58	5	14	1505236221870	20	16	3	0	0
En	59	5	15	1505236222250	20	16	3	0	0
En	60	5	16	1505236222821	20	16	3	0	0
En	61	6	16	1505236223191	20	16	3	0	0
En	62	6	17	1505236223580	20	16	3	0	0
En	63	7	17	1505236223990	20	16	3	0	0
En	64	7	18	1505236224351	20	16	3	0	0
En	65	8	18	1505236224739	20	16	3	0	0
En	66	9	18	1505236225190	20	16	3	0	0
En	67	10	18	1505236225551	20	16	3	0	0
Ma	16	10	18	1505236229190	19	16	4	0	0
Ma	61	9	18	1505236229550	19	16	5	0	0
Ho	34	9	17	1505236229910	19	16	5	1	0
Ma	12	9	17	1505236230260	18	16	6	1	0
Ma	31	9	17	1505236230640	17	16	7	1	0
Ma	37	9	17	1505236231020	16	16	8	1	0
Pa	24	9	16	1505236231420	16	16	8	1	1
Ma	67	8	16	1505236231787	16	16	9	1	1
Ho	45	8	15	1505236232200	16	16	9	2	1
Ma	42	7	15	1505236232560	16	16	10	2	1
Ma	7	7	15	1505236232910	15	16	11	2	1
Ma	58	6	15	1505236233310	15	16	12	2	1
Ma	1	6	15	1505236233731	14	16	13	2	1
Ma	13	6	15	1505236234110	13	16	14	2	1
Ho	6	6	14	1505236234531	13	16	14	3	1
Ma	47	6	14	1505236234880	12	16	15	3	1
Pa	41	6	13	1505236235250	12	16	15	3	2
Pa	64	6	12	1505236235653	12	16	15	3	3
Ho	60	6	11	1505236236050	12	16	15	4	3
Ma	40	6	11	1505236236420	11	16	16	4	3
Ho	55	6	10	1505236236790	11	16	16	5	3
Pa	35	6	9	1505236237130	11	16	16	5	4
Ma	65	5	9	1505236237500	11	16	17	5	4
Ho	39	5	8	1505236237870	11	16	17	6	4
En	25	6	8	1505239262754	10	16	17	6	4
En	38	6	9	1505239263823	10	15	17	6	4
En	72	9	11	1505241278981	10	15	17	6	4
En	73	9	12	1505241279351	10	15	17	6	4
En	74	10	12	1505241279713	10	15	17	6	4
En	75	10	13	1505241280091	10	15	17	6	4
En	76	11	13	1505241282000	10	15	17	6	4
En	77	12	13	1505241282351	10	15	17	6	4
En	78	12	14	1505241282660	10	15	17	6	4
En	79	13	14	1505241283011	10	15	17	6	4
En	80	13	15	1505241283351	10	15	17	6	4
En	81	13	16	1505241283681	10	15	17	6	4
En	82	14	16	1505241284111	10	15	17	6	4
En	83	15	16	1505241284461	10	15	17	6	4
En	84	16	16	1505241284800	10	15	17	6	4
En	85	16	17	1505241285131	10	15	17	6	4
En	86	16	18	1505241285450	10	15	17	6	4
En	87	17	18	1505241285751	10	15	17	6	4
En	88	18	18	1505241286061	10	15	17	6	4
En	89	19	18	1505241286371	10	15	17	6	4
En	90	19	19	1505241286731	10	15	17	6	4
En	91	20	19	1505241287101	10	15	17	6	4
En	92	20	20	1505241287391	10	15	17	6	4
En	93	21	20	1505241287721	10	15	17	6	4
En	94	21	21	1505241288061	10	15	17	6	4
En	95	22	21	1505241288381	10	15	17	6	4
En	96	23	21	1505241288680	10	15	17	6	4
En	97	24	21	1505241289000	10	15	17	6	4
En	98	24	22	1505241289300	10	15	17	6	4
En	99	25	22	1505241289610	10	15	17	6	4
En	100	26	22	1505241290031	10	15	17	6	4
En	101	26	23	1505241290370	10	15	17	6	4
En	102	27	23	1505241290681	10	15	17	6	4
En	1	0	1	1505243030630	0	0	0	0	0
En	2	1	1	1505243031081	0	0	0	0	0
En	3	2	1	1505245379361	0	0	0	0	0
En	4	3	1	1505245379721	0	0	0	0	0
En	1	0	1	1505246470061	0	0	0	0	0
En	2	0	2	1505246470460	0	0	0	0	0
En	3	0	3	1505246470840	0	0	0	0	0
En	4	1	3	1505246471191	0	0	0	0	0
En	5	1	4	1505246471520	0	0	0	0	0
En	6	1	5	1505246471890	0	0	0	0	0
En	7	2	5	1505246472220	0	0	0	0	0
En	8	2	6	1505246472600	0	0	0	0	0
En	9	2	7	1505246472941	0	0	0	0	0
En	10	2	8	1505246473320	0	0	0	0	0
En	11	2	9	1505246473651	0	0	0	0	0
En	12	2	10	1505246474050	0	0	0	0	0
En	13	3	10	1505246474411	0	0	0	0	0
En	14	4	10	1505246474751	0	0	0	0	0
En	15	5	10	1505246475091	0	0	0	0	0
En	16	5	11	1505246475421	0	0	0	0	0
En	17	5	12	1505246475800	0	0	0	0	0
En	18	6	12	1505246476141	0	0	0	0	0
En	19	7	12	1505246476461	0	0	0	0	0
En	20	7	13	1505246476781	0	0	0	0	0
En	21	7	14	1505246477161	0	0	0	0	0
En	22	8	14	1505246477510	0	0	0	0	0
En	23	9	14	1505246477851	0	0	0	0	0
En	24	10	14	1505246478191	0	0	0	0	0
En	25	10	15	1505246478610	0	0	0	0	0
En	26	11	15	1505246479001	0	0	0	0	0
En	27	12	15	1505246479351	0	0	0	0	0
En	28	13	15	1505246479710	0	0	0	0	0
En	29	14	15	1505246480070	0	0	0	0	0
En	30	15	15	1505246480421	0	0	0	0	0
En	31	15	16	1505246480751	0	0	0	0	0
En	32	15	17	1505246481261	0	0	0	0	0
En	33	15	18	1505246481610	0	0	0	0	0
En	34	16	18	1505246481971	0	0	0	0	0
En	35	16	19	1505246482330	0	0	0	0	0
En	36	17	19	1505246482690	0	0	0	0	0
En	37	18	19	1505246483061	0	0	0	0	0
En	38	18	20	1505246483436	0	0	0	0	0
En	39	18	21	1505246483891	0	0	0	0	0
En	40	18	22	1505246484251	0	0	0	0	0
En	41	18	23	1505246484571	0	0	0	0	0
Ex	4	17	23	1505246496261	1	0	0	0	0
Ex	38	17	22	1505246496641	1	1	0	0	0
Ex	24	16	22	1505246497001	2	1	0	0	0
Ex	5	16	21	1505246497361	2	2	0	0	0
Ex	9	16	20	1505246497841	2	3	0	0	0
Ex	33	16	19	1505246498231	2	4	0	0	0
Ex	28	15	19	1505246498630	3	4	0	0	0
Ex	34	14	19	1505246499420	4	4	0	0	0
Ex	25	14	18	1505246499760	4	5	0	0	0
Ex	14	13	18	1505246500111	5	5	0	0	0
Ex	35	13	17	1505246500450	5	6	0	0	0
Ex	41	13	16	1505246500801	5	7	0	0	0
Ex	40	13	15	1505246501151	5	8	0	0	0
Ex	13	12	15	1505246501500	6	8	0	0	0
Ex	37	11	15	1505246501990	7	8	0	0	0
Ex	7	10	15	1505246502391	8	8	0	0	0
Ex	29	9	15	1505246502730	9	8	0	0	0
Ex	18	8	15	1505246503130	10	8	0	0	0
Ex	2	8	14	1505246503451	10	9	0	0	0
Ex	26	7	14	1505246503801	11	9	0	0	0
Ex	22	6	14	1505246504181	12	9	0	0	0
Ex	19	5	14	1505246504521	13	9	0	0	0
Ex	1	5	13	1505246504850	13	10	0	0	0
Ma	37	5	13	1505246620560	12	10	1	0	0
Ma	28	5	13	1505246620970	11	10	2	0	0
Ma	19	5	13	1505246621310	10	10	3	0	0
Ho	8	5	12	1505246621660	10	10	3	1	0
Pa	31	5	11	1505246622290	10	10	3	1	1
Ma	22	5	11	1505246622710	9	10	4	1	1
Pa	20	5	10	1505246623090	9	10	4	1	2
Pa	32	5	9	1505246623450	9	10	4	1	3
Ho	39	5	8	1505246623770	9	10	4	2	3
Ma	29	5	8	1505246624140	8	10	5	2	3
Ma	36	4	8	1505246624510	8	10	6	2	3
Ma	34	4	8	1505246624870	7	10	7	2	3
Ma	27	3	8	1505246625230	7	10	8	2	3
Ma	7	3	8	1505246625590	6	10	9	2	3
Ma	23	2	8	1505246625930	6	10	10	2	3
Pa	12	2	7	1505246626280	6	10	10	2	4
En	42	2	8	1505246654401	6	10	10	2	4
En	43	3	8	1505246654750	6	10	10	2	4
En	44	4	8	1505246655081	6	10	10	2	4
En	45	5	8	1505246655411	6	10	10	2	4
En	46	5	9	1505246655801	6	10	10	2	4
En	47	6	9	1505246656171	6	10	10	2	4
En	48	7	9	1505246656600	6	10	10	2	4
En	49	8	9	1505246656971	6	10	10	2	4
En	50	9	9	1505246657340	6	10	10	2	4
En	51	9	10	1505246657690	6	10	10	2	4
En	52	10	10	1505246658051	6	10	10	2	4
En	53	10	11	1505246658401	6	10	10	2	4
En	54	11	11	1505246658760	6	10	10	2	4
En	55	11	12	1505246659111	6	10	10	2	4
En	56	12	12	1505246659481	6	10	10	2	4
En	57	13	12	1505246659820	6	10	10	2	4
En	58	13	13	1505246660171	6	10	10	2	4
En	59	14	13	1505246660510	6	10	10	2	4
En	60	14	14	1505246660851	6	10	10	2	4
En	61	15	14	1505246661201	6	10	10	2	4
En	62	16	14	1505246661561	6	10	10	2	4
En	63	16	15	1505246661901	6	10	10	2	4
En	64	17	15	1505246662241	6	10	10	2	4
En	65	17	16	1505246662581	6	10	10	2	4
En	66	18	16	1505246662911	6	10	10	2	4
En	67	18	17	1505246663291	6	10	10	2	4
En	68	19	17	1505246663631	6	10	10	2	4
En	69	19	18	1505246664041	6	10	10	2	4
En	70	19	19	1505246664390	6	10	10	2	4
En	71	20	19	1505246664721	6	10	10	2	4
En	72	20	20	1505246665091	6	10	10	2	4
En	73	21	20	1505246665550	6	10	10	2	4
Ex	47	20	20	1505246674108	7	10	10	2	4
Ex	48	19	20	1505246674471	8	10	10	2	4
Ex	43	18	20	1505246674830	9	10	10	2	4
Ex	59	17	20	1505246675181	10	10	10	2	4
Ex	50	16	20	1505246675531	11	10	10	2	4
Ex	15	15	20	1505246675891	12	10	10	2	4
Ex	42	15	19	1505246676270	12	11	10	2	4
Ex	69	15	18	1505246676621	12	12	10	2	4
Ex	46	15	17	1505246676971	12	13	10	2	4
Ex	6	15	16	1505246677371	12	14	10	2	4
Ex	67	15	15	1505246677731	12	15	10	2	4
Ex	65	15	14	1505246678150	12	16	10	2	4
Ex	30	14	14	1505246678481	13	16	10	2	4
Ex	21	14	13	1505246678820	13	17	10	2	4
Ma	30	14	13	1505246685710	12	17	11	2	4
Ma	68	13	13	1505246686050	12	17	12	2	4
Pa	17	13	12	1505246686390	12	17	12	2	5
Pa	72	13	11	1505246686720	12	17	12	2	6
Ho	70	13	10	1505246687080	12	17	12	3	6
Pa	11	13	9	1505246687440	12	17	12	3	7
Ho	53	13	8	1505246687840	12	17	12	4	7
Pa	3	13	7	1505246688180	12	17	12	4	8
Pa	16	13	6	1505246688570	12	17	12	4	9
Ho	51	13	5	1505246688920	12	17	12	5	9
En	53	13	5	1505246695800	12	18	12	4	9
En	17	13	6	1505246696171	12	18	12	4	8
En	48	14	6	1505246697450	11	18	12	4	8
En	42	14	7	1505246697811	11	17	12	4	8
Ex	58	14	6	1505246698171	11	17	12	4	8
Ex	42	14	5	1505246698550	11	17	12	4	8
En	33	14	6	1505246698901	11	16	12	4	8
Ex	52	13	6	1505246699231	11	16	12	4	8
En	74	14	6	1505246777879	11	16	12	4	8
En	67	14	7	1505246859670	11	15	12	4	8
En	31	14	8	1505246860091	11	15	12	4	7
En	23	14	8	1505246860441	12	15	11	4	7
Ex	67	14	7	1505246860791	12	15	11	4	7
En	75	15	7	1505247554731	12	15	11	4	7
En	76	16	7	1505247555060	12	15	11	4	7
En	77	16	8	1505247555400	12	15	11	4	7
En	78	16	9	1505247555740	12	15	11	4	7
En	79	16	10	1505247556081	12	15	11	4	7
En	80	17	10	1505247556420	12	15	11	4	7
En	81	17	11	1505247556770	12	15	11	4	7
En	13	18	11	1505248064121	11	15	11	4	7
En	53	18	12	1505248064531	11	14	11	4	7
En	1	18	13	1505248064851	11	13	11	4	7
En	70	18	13	1505248065231	11	14	11	3	7
En	20	18	14	1505248065581	11	14	11	3	6
En	3	18	15	1505248065901	11	14	11	3	5
En	39	18	15	1505248066291	11	15	11	2	5
En	23	19	15	1505248066621	10	15	11	2	5
Ex	20	19	14	1505248066951	10	15	11	2	5
En	37	19	14	1505248067280	11	15	10	2	5
Ex	48	18	14	1505248067631	11	15	10	2	5
En	8	18	14	1505248067971	11	16	10	1	5
En	22	18	14	1505248068311	12	16	9	1	5
En	27	18	14	1505248068701	13	16	8	1	5
En	8	18	15	1505248069081	13	15	8	1	5
En	59	19	15	1505248069431	12	15	8	1	5
En	51	19	15	1505248069781	12	16	8	0	5
Ex	74	18	15	1505248070111	12	16	8	0	5
En	68	18	15	1505248070451	13	16	7	0	5
En	43	19	15	1505248070801	12	16	7	0	5
En	7	19	15	1505248071151	13	16	6	0	5
Ex	60	19	14	1505248071501	13	16	6	0	5
En	30	19	14	1505248071911	14	16	5	0	5
Ex	61	18	14	1505248072470	14	16	5	0	5
En	50	19	14	1505248073020	13	16	5	0	5
En	14	20	14	1505248073411	12	16	5	0	5
Ex	80	19	14	1505248073791	12	16	5	0	5
En	19	19	14	1505248074141	13	16	4	0	5
En	9	19	15	1505248074473	13	15	4	0	5
En	36	19	15	1505248074821	14	15	3	0	5
Ex	53	19	14	1505248075399	14	15	3	0	5
Ex	77	19	13	1505248075841	14	15	3	0	5
En	36	20	13	1505248076791	13	15	3	0	5
En	34	20	13	1505248077141	14	15	2	0	5
Ex	36	19	13	1505248077541	14	15	2	0	5
Ex	57	18	13	1505248077871	14	15	2	0	5
En	29	18	13	1505248078201	15	15	1	0	5
Ex	23	17	13	1505248078541	15	15	1	0	5
Ex	17	17	12	1505248078927	15	15	1	0	5
Ex	63	17	11	1505248079391	15	15	1	0	5
Ex	31	17	10	1505248079801	15	15	1	0	5
En	39	17	11	1505248080161	15	14	1	0	5
Ex	64	16	11	1505248080971	15	14	1	0	5
En	34	17	11	1505248081473	14	14	1	0	5
En	16	17	12	1505248081811	14	14	1	0	4
Ex	54	16	12	1505248082361	14	14	1	0	4
Ex	56	15	12	1505248082730	14	14	1	0	4
Ex	43	14	12	1505248083070	14	14	1	0	4
En	12	14	13	1505248083391	14	14	1	0	3
En	28	14	13	1505248083811	15	14	0	0	3
Ex	10	14	12	1505248084151	15	14	0	0	3
Ex	1	14	11	1505248084530	15	14	0	0	3
En	32	14	12	1505248085080	15	14	0	0	2
En	4	15	12	1505248085462	14	14	0	0	2
En	72	15	13	1505248085871	14	14	0	0	1
En	35	15	14	1505248086430	14	13	0	0	1
Ex	16	15	13	1505248087020	14	13	0	0	1
Ex	9	15	12	1505248087371	14	13	0	0	1
Ex	32	15	11	1505248087961	14	13	0	0	1
En	11	15	12	1505248088361	14	13	0	0	0
Ex	62	14	12	1505248088801	14	13	0	0	0
En	19	15	12	1505248089151	13	13	0	0	0
Ex	72	15	11	1505248089700	13	13	0	0	0
En	38	15	12	1505248090291	13	12	0	0	0
En	7	16	12	1505248091091	12	12	0	0	0
Ex	76	15	12	1505248091621	12	12	0	0	0
Ex	35	15	11	1505248092411	12	12	0	0	0
Ex	44	14	11	1505248093670	12	12	0	0	0
Ex	59	13	11	1505248094020	12	12	0	0	0
En	5	13	12	1505248094371	12	11	0	0	0
Ex	66	12	12	1505248094761	12	11	0	0	0
En	27	13	12	1505248095101	11	11	0	0	0
En	47	14	12	1505248095691	10	11	0	0	0
En	6	14	13	1505248096041	10	10	0	0	0
En	46	14	14	1505248096611	10	9	0	0	0
En	51	14	15	1505248096981	10	8	0	0	0
En	40	14	16	1505248097340	10	7	0	0	0
En	70	14	17	1505248097750	10	6	0	0	0
Ex	4	13	17	1505248098111	10	6	0	0	0
Ex	71	12	17	1505248098451	10	6	0	0	0
Ex	27	11	17	1505248098801	10	6	0	0	0
En	69	11	18	1505248099641	10	5	0	0	0
Ex	13	10	18	1505248100220	10	5	0	0	0
Ex	51	10	17	1505248100601	10	5	0	0	0
Ex	49	9	17	1505248101600	10	5	0	0	0
Ex	7	8	17	1505248101971	10	5	0	0	0
En	15	9	17	1505248102338	9	5	0	0	0
Ex	15	8	17	1505248102960	9	5	0	0	0
Ex	46	8	16	1505248103301	9	5	0	0	0
En	28	9	16	1505248104550	8	5	0	0	0
Ex	73	8	16	1505248105051	8	5	0	0	0
Ex	28	7	16	1505248105463	8	5	0	0	0
Ex	50	6	16	1505248109181	9	5	0	0	0
Ex	81	6	15	1505248109551	9	6	0	0	0
Ex	12	6	14	1505248109931	9	7	0	0	0
Ex	38	6	13	1505248110290	9	8	0	0	0
Ex	11	6	12	1505248110661	9	9	0	0	0
Ex	34	5	12	1505248111010	10	9	0	0	0
Ex	45	4	12	1505248111360	11	9	0	0	0
En	1	0	1	1505271181137	0	0	0	0	0
En	2	1	1	1505271255757	0	0	0	0	0
En	3	1	2	1505271256097	0	0	0	0	0
En	4	1	3	1505271256437	0	0	0	0	0
En	1	1	0	1505272965657	0	0	0	0	0
En	2	1	1	1505272966047	0	0	0	0	0
En	3	2	1	1505272966427	0	0	0	0	0
En	4	2	2	1505272966747	0	0	0	0	0
En	5	3	2	1505272967097	0	0	0	0	0
En	6	3	3	1505272967428	0	0	0	0	0
En	7	3	4	1505272967757	0	0	0	0	0
En	8	4	4	1505272968088	0	0	0	0	0
En	9	5	4	1505272968408	0	0	0	0	0
En	10	5	5	1505272968877	0	0	0	0	0
En	11	6	5	1505272969217	0	0	0	0	0
En	12	6	6	1505272969583	0	0	0	0	0
En	13	6	7	1505272969937	0	0	0	0	0
En	14	6	8	1505272970267	0	0	0	0	0
En	15	7	8	1505272970627	0	0	0	0	0
En	16	7	9	1505272971057	0	0	0	0	0
En	17	7	10	1505272971397	0	0	0	0	0
En	18	7	11	1505272971757	0	0	0	0	0
En	19	8	11	1505272972108	0	0	0	0	0
En	20	8	12	1505272972427	0	0	0	0	0
En	21	8	13	1505272972827	0	0	0	0	0
En	22	8	14	1505272973517	0	0	0	0	0
En	23	8	15	1505272973887	0	0	0	0	0
En	24	9	15	1505272974238	0	0	0	0	0
Ex	10	9	14	1505272980947	0	1	0	0	0
Ex	20	9	13	1505272981487	0	2	0	0	0
Ex	1	8	13	1505272981808	1	2	0	0	0
Ex	24	7	13	1505272982147	2	2	0	0	0
Ex	7	7	12	1505272982557	2	3	0	0	0
Ex	4	7	11	1505272982927	2	4	0	0	0
Ex	6	7	10	1505272983258	2	5	0	0	0
Ex	3	6	10	1505272983618	3	5	0	0	0
Ex	18	6	9	1505272983928	3	6	0	0	0
Ex	11	5	9	1505272984297	4	6	0	0	0
Ex	23	5	8	1505272984638	4	7	0	0	0
Ex	22	5	7	1505272984998	4	8	0	0	0
Ex	14	5	6	1505272985318	4	9	0	0	0
Ex	17	5	5	1505272985667	4	10	0	0	0
Ex	12	5	4	1505272986038	4	11	0	0	0
Ho	13	5	3	1505272997787	4	11	0	1	0
Ho	2	5	2	1505272998187	4	11	0	2	0
Pa	21	5	1	1505272998527	4	11	0	2	1
Ma	11	5	1	1505272998877	3	11	1	2	1
Pa	16	5	0	1505272999217	3	11	1	2	2
En	25	6	0	1505273007767	3	11	1	2	2
En	26	7	0	1505273008127	3	11	1	2	2
En	27	8	0	1505273008448	3	11	1	2	2
En	28	8	1	1505273008787	3	11	1	2	2
En	29	9	1	1505273009137	3	11	1	2	2
En	30	9	2	1505273009477	3	11	1	2	2
En	31	9	3	1505273009817	3	11	1	2	2
En	32	9	4	1505273010168	3	11	1	2	2
En	33	9	5	1505273010498	3	11	1	2	2
En	34	9	6	1505273010878	3	11	1	2	2
En	35	10	6	1505273011207	3	11	1	2	2
En	36	11	6	1505273011578	3	11	1	2	2
En	37	11	7	1505273011927	3	11	1	2	2
En	38	12	7	1505273012278	3	11	1	2	2
En	39	12	8	1505273012650	3	11	1	2	2
En	40	12	9	1505273012987	3	11	1	2	2
En	41	12	10	1505273013318	3	11	1	2	2
En	42	13	10	1505273013647	3	11	1	2	2
En	43	13	11	1505273014028	3	11	1	2	2
En	44	13	12	1505273014377	3	11	1	2	2
En	45	13	13	1505273014787	3	11	1	2	2
En	46	14	13	1505273015128	3	11	1	2	2
En	47	14	14	1505273015467	3	11	1	2	2
En	48	15	14	1505273015817	3	11	1	2	2
En	49	15	15	1505273016147	3	11	1	2	2
En	50	15	16	1505273016487	3	11	1	2	2
Ho	37	15	15	1505273024878	3	11	1	3	2
Pa	49	15	14	1505273025247	3	11	1	3	3
Ma	35	14	14	1505273025617	3	11	2	3	3
Ma	24	14	14	1505273025947	2	11	3	3	3
Ma	1	14	14	1505273026347	1	11	4	3	3
Ma	3	14	14	1505273026687	0	11	5	3	3
Ho	39	14	13	1505273027037	0	11	5	4	3
En	51	14	14	1505273040417	0	11	5	4	3
En	52	14	15	1505273040787	0	11	5	4	3
En	53	14	16	1505273041137	0	11	5	4	3
En	54	15	16	1505273041487	0	11	5	4	3
En	55	16	16	1505273041807	0	11	5	4	3
En	56	17	16	1505273042147	0	11	5	4	3
En	57	18	16	1505273042497	0	11	5	4	3
En	58	19	16	1505273042837	0	11	5	4	3
En	59	20	16	1505273043178	0	11	5	4	3
En	60	20	17	1505273043517	0	11	5	4	3
En	61	21	17	1505273043838	0	11	5	4	3
En	62	21	18	1505273044178	0	11	5	4	3
En	63	21	19	1505273044518	0	11	5	4	3
En	64	22	19	1505273044857	0	11	5	4	3
En	65	23	19	1505273045197	0	11	5	4	3
En	66	24	19	1505273045548	0	11	5	4	3
En	67	24	20	1505273045897	0	11	5	4	3
En	68	25	20	1505273046208	0	11	5	4	3
En	69	26	20	1505273046567	0	11	5	4	3
Ex	9	25	20	1505273050067	1	11	5	4	3
Ex	27	24	20	1505273050444	2	11	5	4	3
Ex	50	24	19	1505273050898	2	12	5	4	3
Ex	36	23	19	1505273051238	3	12	5	4	3
Ex	25	22	19	1505273051587	4	12	5	4	3
Ex	42	21	19	1505273051917	5	12	5	4	3
Ex	31	21	18	1505273052327	5	13	5	4	3
Ex	62	21	17	1505273052668	5	14	5	4	3
Ex	63	21	16	1505273052997	5	15	5	4	3
Ex	43	21	15	1505273053338	5	16	5	4	3
Ex	41	21	14	1505273053702	5	17	5	4	3
Ex	60	21	13	1505273054068	5	18	5	4	3
Ex	15	20	13	1505273054417	6	18	5	4	3
Ex	26	19	13	1505273054757	7	18	5	4	3
Ex	61	18	13	1505273055098	8	18	5	4	3
Ex	52	18	12	1505273055448	8	19	5	4	3
Ex	34	18	11	1505273055827	8	20	5	4	3
Ex	38	17	11	1505273056178	9	20	5	4	3
Ex	5	16	11	1505273056557	10	20	5	4	3
Ex	44	16	10	1505273056897	10	21	5	4	3
Ex	59	15	10	1505273057247	11	21	5	4	3
Ex	56	14	10	1505273057679	12	21	5	4	3
Ex	28	14	9	1505273069387	12	21	5	4	3
En	11	14	9	1505273069758	13	21	4	4	3
En	2	14	9	1505273070108	13	22	4	3	3
Ex	45	14	8	1505273070447	13	22	4	3	3
En	49	14	9	1505273070807	13	22	4	3	2
En	13	14	9	1505273071208	13	23	4	2	2
En	37	14	9	1505273071625	13	24	4	1	2
Ex	67	14	8	1505273071968	13	24	4	1	2
Ex	46	13	8	1505273072298	13	24	4	1	2
En	70	13	9	1505273137760	13	24	4	1	2
En	71	13	10	1505273138148	13	24	4	1	2
En	72	13	11	1505273138477	13	24	4	1	2
En	73	13	12	1505273138858	13	24	4	1	2
En	74	13	13	1505273139198	13	24	4	1	2
En	75	13	14	1505273139527	13	24	4	1	2
En	76	13	15	1505273139887	13	24	4	1	2
En	77	13	16	1505273140238	13	24	4	1	2
En	1	0	1	1505275414267	0	0	0	0	0
En	2	0	2	1505275414674	0	0	0	0	0
En	3	0	3	1505275415077	0	0	0	0	0
En	4	1	3	1505275415527	0	0	0	0	0
En	5	1	4	1505275415868	0	0	0	0	0
En	6	1	5	1505275416187	0	0	0	0	0
En	7	2	5	1505275416507	0	0	0	0	0
En	8	2	6	1505275416837	0	0	0	0	0
En	9	2	7	1505275417167	0	0	0	0	0
En	10	3	7	1505275417497	0	0	0	0	0
En	11	3	8	1505275417867	0	0	0	0	0
En	12	3	9	1505275418257	0	0	0	0	0
En	13	3	10	1505275418607	0	0	0	0	0
En	14	4	10	1505275418937	0	0	0	0	0
En	15	4	11	1505275419318	0	0	0	0	0
En	16	4	12	1505275423307	0	0	0	0	0
En	17	5	12	1505275423657	0	0	0	0	0
En	18	5	13	1505275423997	0	0	0	0	0
En	19	6	13	1505275424337	0	0	0	0	0
Ex	18	6	12	1505275431217	0	1	0	0	0
Ex	6	6	11	1505275431608	0	2	0	0	0
Ex	11	6	10	1505275431958	0	3	0	0	0
Ex	19	5	10	1505275432308	1	3	0	0	0
Ex	1	5	9	1505275432648	1	4	0	0	0
Ex	4	4	9	1505275433010	2	4	0	0	0
Ho	16	4	8	1505275436627	2	4	0	1	0
Ma	14	3	8	1505275437007	2	4	1	1	0
Ho	9	3	7	1505275437384	2	4	1	2	0
Pa	2	3	6	1505275437767	2	4	1	2	1
Ma	7	2	6	1505275438097	2	4	2	2	1
Pa	15	2	5	1505275441407	2	4	2	2	2
Ho	8	2	4	1505275441767	2	4	2	3	2
Ma	17	1	4	1505275442117	2	4	3	3	2
Ma	10	0	4	1505275442457	2	4	4	3	2
Pa	13	0	3	1505275446097	2	4	4	3	3
Pa	3	0	2	1505275446477	2	4	4	3	4
Ma	4	0	2	1505275447117	1	4	5	3	4
Pa	5	0	1	1505275447698	1	4	5	3	5
Pa	12	0	0	1505275448067	1	4	5	3	6
Ma	19	0	0	1505275449057	0	4	6	3	6
En	1	0	1	1505275509797	0	0	0	0	0
En	2	0	2	1505275510247	0	0	0	0	0
En	3	1	2	1505275510597	0	0	0	0	0
En	4	2	2	1505275510937	0	0	0	0	0
En	5	2	3	1505275511287	0	0	0	0	0
En	1	1	0	1505275701628	0	0	0	0	0
En	2	1	1	1505275702078	0	0	0	0	0
En	3	2	1	1505275702417	0	0	0	0	0
En	4	3	1	1505275702757	0	0	0	0	0
En	5	3	2	1505275703128	0	0	0	0	0
En	6	4	2	1505275703478	0	0	0	0	0
En	7	5	2	1505275703848	0	0	0	0	0
En	8	6	2	1505275705777	0	0	0	0	0
En	9	7	2	1505275706148	0	0	0	0	0
En	10	7	3	1505275706507	0	0	0	0	0
En	11	7	4	1505275706857	0	0	0	0	0
En	12	8	4	1505275707212	0	0	0	0	0
En	13	8	5	1505275707598	0	0	0	0	0
En	14	8	6	1505275707937	0	0	0	0	0
En	15	8	7	1505275708267	0	0	0	0	0
En	16	8	8	1505275708648	0	0	0	0	0
En	17	9	8	1505275709008	0	0	0	0	0
En	18	9	9	1505275709347	0	0	0	0	0
En	19	10	9	1505275709697	0	0	0	0	0
En	20	11	9	1505275710027	0	0	0	0	0
Ex	9	10	9	1505275713657	1	0	0	0	0
Ex	20	9	9	1505275714114	2	0	0	0	0
Ex	19	8	9	1505275714457	3	0	0	0	0
Ex	2	8	8	1505275714798	3	1	0	0	0
Ex	1	7	8	1505275715128	4	1	0	0	0
Ex	18	7	7	1505275715478	4	2	0	0	0
Ex	12	6	7	1505275715818	5	2	0	0	0
Ex	13	6	6	1505275716178	5	3	0	0	0
Ex	7	5	6	1505275716518	6	3	0	0	0
Ex	11	5	5	1505275716897	6	4	0	0	0
Ex	6	4	5	1505275717248	7	4	0	0	0
Ex	3	3	5	1505275717588	8	4	0	0	0
Ex	14	3	4	1505275717928	8	5	0	0	0
En	21	4	4	1505275721567	8	5	0	0	0
En	22	5	4	1505275721987	8	5	0	0	0
En	23	6	4	1505275722338	8	5	0	0	0
En	24	7	4	1505275722688	8	5	0	0	0
En	25	7	5	1505275723008	8	5	0	0	0
En	26	8	5	1505275723347	8	5	0	0	0
En	27	8	6	1505275723708	8	5	0	0	0
En	28	9	6	1505275724048	8	5	0	0	0
En	29	9	7	1505275724415	8	5	0	0	0
En	30	10	7	1505275724847	8	5	0	0	0
En	31	10	8	1505275725238	8	5	0	0	0
En	32	10	9	1505275725568	8	5	0	0	0
En	33	10	10	1505275725907	8	5	0	0	0
En	34	11	10	1505275726258	8	5	0	0	0
Ex	25	11	9	1505275732437	8	6	0	0	0
Ex	31	11	8	1505275733728	8	7	0	0	0
Ex	15	11	7	1505275734068	8	8	0	0	0
Ex	5	11	6	1505275734458	8	9	0	0	0
Ex	8	10	6	1505275734807	9	9	0	0	0
Ex	16	10	5	1505275735168	9	10	0	0	0
Ex	34	9	5	1505275735488	10	10	0	0	0
Ma	26	8	5	1505275748857	10	10	1	0	0
Ma	30	7	5	1505275749217	10	10	2	0	0
Ho	10	7	4	1505275749577	10	10	2	1	0
Ma	23	6	4	1505275749927	10	10	3	1	0
Ho	33	6	3	1505275751917	10	10	3	2	0
Ma	3	6	3	1505275755557	9	10	4	2	0
Ho	29	6	2	1505275761936	9	10	4	3	0
Ho	32	6	1	1505275763217	9	10	4	4	0
Ma	19	6	1	1505275763588	8	10	5	4	0
Ma	34	6	1	1505275763928	7	10	6	4	0
Ho	27	6	0	1505275766177	7	10	6	5	0
Ma	8	6	0	1505275767427	6	10	7	5	0
Ma	1	6	0	1505275768740	5	10	8	5	0
Ma	7	6	0	1505275780728	4	10	9	5	0
Ma	4	5	0	1505275781337	4	10	10	5	0
Ma	24	4	0	1505275784537	4	10	11	5	0
Ma	21	3	0	1505275786227	4	10	12	5	0
Ma	17	2	0	1505275787587	4	10	13	5	0
Ma	22	1	0	1505275789737	4	10	14	5	0
Ma	6	1	0	1505275793857	3	10	15	5	0
Ma	28	0	0	1505275795578	3	10	16	5	0
Ma	12	0	0	1505275795917	2	10	17	5	0
Ma	9	0	0	1505275812647	1	10	18	5	0
Ma	20	0	0	1505275831237	0	10	19	5	0
En	1	1	0	1505276021927	0	0	0	0	0
En	2	1	1	1505276029288	0	0	0	0	0
En	3	1	2	1505276029631	0	0	0	0	0
En	4	1	3	1505276029977	0	0	0	0	0
En	1	0	1	1505276264917	0	0	0	0	0
En	2	1	1	1505276265317	0	0	0	0	0
En	3	2	1	1505276265657	0	0	0	0	0
En	4	2	2	1505276265997	0	0	0	0	0
En	5	3	2	1505276266388	0	0	0	0	0
En	6	3	3	1505276266768	0	0	0	0	0
En	7	4	3	1505276267107	0	0	0	0	0
En	8	5	3	1505276267497	0	0	0	0	0
En	9	6	3	1505276267848	0	0	0	0	0
En	10	6	4	1505276268187	0	0	0	0	0
En	11	6	5	1505276268528	0	0	0	0	0
En	12	7	5	1505276268878	0	0	0	0	0
En	13	7	6	1505276269288	0	0	0	0	0
En	14	7	7	1505276269648	0	0	0	0	0
En	15	8	7	1505276270017	0	0	0	0	0
En	16	8	8	1505276270577	0	0	0	0	0
En	17	8	9	1505276270947	0	0	0	0	0
En	18	9	9	1505276271377	0	0	0	0	0
En	19	9	10	1505276271718	0	0	0	0	0
En	20	9	11	1505276272078	0	0	0	0	0
En	21	9	12	1505276272457	0	0	0	0	0
En	22	9	13	1505276272838	0	0	0	0	0
En	23	9	14	1505276273198	0	0	0	0	0
En	24	9	15	1505276273567	0	0	0	0	0
En	25	10	15	1505276273907	0	0	0	0	0
En	26	11	15	1505276274348	0	0	0	0	0
En	27	12	15	1505276274687	0	0	0	0	0
En	28	13	15	1505276275037	0	0	0	0	0
Ex	15	12	15	1505276278337	1	0	0	0	0
Ex	22	12	14	1505276278678	1	1	0	0	0
Ex	2	11	14	1505276279018	2	1	0	0	0
Ex	28	10	14	1505276281091	3	1	0	0	0
Ex	19	10	13	1505276281427	3	2	0	0	0
Ex	9	9	13	1505276285027	4	2	0	0	0
Ex	12	8	13	1505276285378	5	2	0	0	0
Ex	1	8	12	1505276285727	5	3	0	0	0
Ex	3	7	12	1505276286068	6	3	0	0	0
Ex	26	6	12	1505276286487	7	3	0	0	0
Ex	13	6	11	1505276288537	7	4	0	0	0
Ex	24	6	10	1505276288957	7	5	0	0	0
Ex	8	5	10	1505276289318	8	5	0	0	0
Ex	25	4	10	1505276289697	9	5	0	0	0
Ex	23	4	9	1505276290058	9	6	0	0	0
Ex	5	3	9	1505276290397	10	6	0	0	0
Ex	7	2	9	1505276290748	11	6	0	0	0
En	29	2	10	1505276292837	11	6	0	0	0
En	30	3	10	1505276293178	11	6	0	0	0
En	31	4	10	1505276293577	11	6	0	0	0
En	32	5	10	1505276293908	11	6	0	0	0
En	33	5	11	1505276294287	11	6	0	0	0
En	34	6	11	1505276294991	11	6	0	0	0
En	35	7	11	1505276295337	11	6	0	0	0
En	36	8	11	1505276295677	11	6	0	0	0
En	37	8	12	1505276296047	11	6	0	0	0
En	38	9	12	1505276296397	11	6	0	0	0
En	39	9	13	1505276296738	11	6	0	0	0
En	40	9	14	1505276297078	11	6	0	0	0
En	41	10	14	1505276297428	11	6	0	0	0
En	42	11	14	1505276297767	11	6	0	0	0
En	43	12	14	1505276298138	11	6	0	0	0
En	44	13	14	1505276298497	11	6	0	0	0
En	45	13	15	1505276298847	11	6	0	0	0
En	46	14	15	1505276299207	11	6	0	0	0
En	47	14	16	1505276299557	11	6	0	0	0
En	48	15	16	1505276299897	11	6	0	0	0
En	49	16	16	1505276300268	11	6	0	0	0
Ex	40	16	15	1505276302317	11	7	0	0	0
Ex	34	15	15	1505276302697	12	7	0	0	0
Ex	29	15	14	1505276303047	12	8	0	0	0
Ex	36	14	14	1505276303408	13	8	0	0	0
Ex	17	14	13	1505276303768	13	9	0	0	0
Ex	20	14	12	1505276304157	13	10	0	0	0
Ex	10	14	11	1505276304567	13	11	0	0	0
Ex	46	13	11	1505276305008	14	11	0	0	0
Ex	47	13	10	1505276305357	14	12	0	0	0
Ex	37	13	9	1505276305747	14	13	0	0	0
Ex	27	12	9	1505276306088	15	13	0	0	0
Ex	45	12	8	1505276306468	15	14	0	0	0
Ex	33	12	7	1505276306808	15	15	0	0	0
Ex	11	12	6	1505276307157	15	16	0	0	0
Ex	18	11	6	1505276307497	16	16	0	0	0
Ex	21	11	5	1505276307837	16	17	0	0	0
Ex	35	10	5	1505276308188	17	17	0	0	0
Ex	41	9	5	1505276308551	18	17	0	0	0
Ex	43	8	5	1505276308908	19	17	0	0	0
Ex	39	8	4	1505276309278	19	18	0	0	0
Ex	44	7	4	1505276309667	20	18	0	0	0
Ho	16	7	3	1505276313287	20	18	0	1	0
Ma	38	6	3	1505276313667	20	18	1	1	0
Ho	6	6	2	1505276314017	20	18	1	2	0
Pa	14	6	1	1505276374587	20	18	1	2	1
Pa	4	6	0	1505276374987	20	18	1	2	2
Ma	36	6	0	1505276375557	19	18	2	2	2
Ma	25	6	0	1505276375967	18	18	3	2	2
Ma	42	5	0	1505276378567	18	18	4	2	2
Ma	48	4	0	1505276379397	18	18	5	2	2
Ma	3	4	0	1505276380038	17	18	6	2	2
Ma	15	4	0	1505276380627	16	18	7	2	2
Ma	27	4	0	1505276380997	15	18	8	2	2
Ma	46	4	0	1505276381787	14	18	9	2	2
Ma	26	4	0	1505276382587	13	18	10	2	2
Ma	30	3	0	1505276383447	13	18	11	2	2
Ma	43	3	0	1505276385427	12	18	12	2	2
Ma	9	3	0	1505276385758	11	18	13	2	2
Ma	31	2	0	1505276386337	11	18	14	2	2
Ma	49	1	0	1505276386707	11	18	15	2	2
Ma	32	0	0	1505276387047	11	18	16	2	2
Ma	44	0	0	1505276387627	10	18	17	2	2
Ma	18	0	0	1505276388207	9	18	18	2	2
En	50	0	1	1505276756607	9	18	18	2	2
En	51	1	1	1505276756977	9	18	18	2	2
En	52	1	2	1505276757338	9	18	18	2	2
En	53	2	2	1505276757688	9	18	18	2	2
En	54	3	2	1505276758037	9	18	18	2	2
En	55	4	2	1505276760077	9	18	18	2	2
En	56	5	2	1505276760437	9	18	18	2	2
En	57	6	2	1505276760768	9	18	18	2	2
En	58	7	2	1505276761107	9	18	18	2	2
En	59	8	2	1505276761448	9	18	18	2	2
En	60	9	2	1505276761778	9	18	18	2	2
En	61	10	2	1505276762118	9	18	18	2	2
En	62	11	2	1505276762538	9	18	18	2	2
En	63	12	2	1505276762887	9	18	18	2	2
En	64	13	2	1505276763237	9	18	18	2	2
En	65	13	3	1505276763648	9	18	18	2	2
En	66	14	3	1505276763997	9	18	18	2	2
En	67	14	4	1505276764338	9	18	18	2	2
En	68	15	4	1505276764688	9	18	18	2	2
En	69	16	4	1505276765027	9	18	18	2	2
En	70	16	5	1505276765367	9	18	18	2	2
En	71	17	5	1505276765727	9	18	18	2	2
En	72	17	6	1505276766087	9	18	18	2	2
En	1	1	0	1505277541549	0	0	0	0	0
En	2	1	1	1505277550667	0	0	0	0	0
En	3	1	2	1505277551018	0	0	0	0	0
En	4	2	2	1505277551358	0	0	0	0	0
En	5	3	2	1505277551688	0	0	0	0	0
En	6	4	2	1505277552028	0	0	0	0	0
En	7	5	2	1505277552728	0	0	0	0	0
En	8	6	2	1505277553078	0	0	0	0	0
En	9	7	2	1505277553418	0	0	0	0	0
En	10	7	3	1505277553798	0	0	0	0	0
En	11	7	4	1505277554158	0	0	0	0	0
En	12	8	4	1505277554518	0	0	0	0	0
En	13	9	4	1505277554878	0	0	0	0	0
En	14	9	5	1505277555358	0	0	0	0	0
En	15	10	5	1505277555707	0	0	0	0	0
En	16	10	6	1505277556037	0	0	0	0	0
En	17	10	7	1505277556457	0	0	0	0	0
En	18	10	8	1505277556827	0	0	0	0	0
En	1	1	0	1505278099717	0	0	0	0	0
En	2	1	1	1505278100148	0	0	0	0	0
En	3	1	2	1505278100478	0	0	0	0	0
En	4	2	2	1505278100845	0	0	0	0	0
En	5	3	2	1505278101167	0	0	0	0	0
En	6	3	3	1505278101568	0	0	0	0	0
En	7	4	3	1505278101907	0	0	0	0	0
En	8	5	3	1505278102238	0	0	0	0	0
En	9	5	4	1505278102598	0	0	0	0	0
En	10	5	5	1505278103048	0	0	0	0	0
En	11	5	6	1505278103438	0	0	0	0	0
En	12	5	7	1505278103807	0	0	0	0	0
En	13	6	7	1505278104158	0	0	0	0	0
En	14	6	8	1505278104530	0	0	0	0	0
En	15	7	8	1505278104907	0	0	0	0	0
En	16	8	8	1505278105287	0	0	0	0	0
En	17	8	9	1505278105632	0	0	0	0	0
En	18	8	10	1505278105968	0	0	0	0	0
En	19	8	11	1505278106357	0	0	0	0	0
En	20	9	11	1505278106798	0	0	0	0	0
En	21	9	12	1505278107147	0	0	0	0	0
En	22	9	13	1505278107477	0	0	0	0	0
En	23	9	14	1505278107828	0	0	0	0	0
En	24	10	14	1505278108218	0	0	0	0	0
En	25	11	14	1505278108568	0	0	0	0	0
En	26	11	15	1505278108907	0	0	0	0	0
En	27	12	15	1505278109258	0	0	0	0	0
En	28	12	16	1505278109618	0	0	0	0	0
En	29	12	17	1505278109948	0	0	0	0	0
En	30	13	17	1505278110298	0	0	0	0	0
En	31	14	17	1505278110668	0	0	0	0	0
En	32	14	18	1505278111017	0	0	0	0	0
En	33	14	19	1505278111387	0	0	0	0	0
En	34	14	20	1505278111755	0	0	0	0	0
En	35	14	21	1505278112128	0	0	0	0	0
En	36	14	22	1505278112518	0	0	0	0	0
En	37	14	23	1505278112867	0	0	0	0	0
En	38	15	23	1505278113338	0	0	0	0	0
Ex	35	15	22	1505278123718	0	1	0	0	0
Ex	7	14	22	1505278124128	1	1	0	0	0
Ex	24	13	22	1505278124477	2	1	0	0	0
Ex	20	12	22	1505278124808	3	1	0	0	0
Ex	25	11	22	1505278125158	4	1	0	0	0
Ex	5	10	22	1505278125507	5	1	0	0	0
Ex	32	10	21	1505278125838	5	2	0	0	0
Ex	15	9	21	1505278126192	6	2	0	0	0
Ex	11	9	20	1505278126548	6	3	0	0	0
Ex	34	9	19	1505278126897	6	4	0	0	0
Ex	31	8	19	1505278127287	7	4	0	0	0
Ex	1	7	19	1505278127887	8	4	0	0	0
Ex	8	6	19	1505278128248	9	4	0	0	0
Ex	30	5	19	1505278128618	10	4	0	0	0
En	39	5	20	1505278133897	10	4	0	0	0
En	40	5	21	1505278134338	10	4	0	0	0
En	41	6	21	1505278134688	10	4	0	0	0
En	42	7	21	1505278137677	10	4	0	0	0
En	43	8	21	1505278138097	10	4	0	0	0
En	44	9	21	1505278138438	10	4	0	0	0
En	45	10	21	1505278138787	10	4	0	0	0
En	46	10	22	1505278139167	10	4	0	0	0
En	47	11	22	1505278139498	10	4	0	0	0
En	48	11	23	1505278139837	10	4	0	0	0
En	49	12	23	1505278140198	10	4	0	0	0
Ma	24	12	23	1505278289447	9	4	1	0	0
Ho	22	12	22	1505278289947	9	4	1	1	0
Pa	9	12	21	1505278290297	9	4	1	1	1
Ma	1	12	21	1505278290668	8	4	2	1	1
Ma	20	12	21	1505278291017	7	4	3	1	1
Ma	41	11	21	1505278291367	7	4	4	1	1
Ma	27	10	21	1505278291838	7	4	5	1	1
Pa	46	10	20	1505278292188	7	4	5	1	2
Ma	5	10	20	1505278292567	6	4	6	1	2
Ho	14	10	19	1505278292957	6	4	6	2	2
Ma	15	10	19	1505278293337	5	4	7	2	2
Ho	6	10	18	1505278293708	5	4	7	3	2
Pa	17	10	17	1505278294057	5	4	7	3	3
Pa	37	10	16	1505278294397	5	4	7	3	4
Ho	2	10	15	1505278294757	5	4	7	4	4
Pa	33	10	14	1505278295147	5	4	7	4	5
Ma	45	9	14	1505278295627	5	4	8	4	5
Pa	12	9	13	1505278296007	5	4	8	4	6
Pa	3	9	12	1505278296377	5	4	8	4	7
Ma	49	8	12	1505278296757	5	4	9	4	7
Pa	28	8	11	1505278297117	5	4	9	4	8
Ma	8	8	11	1505278297477	4	4	10	4	8
Ma	31	8	11	1505278297847	3	4	11	4	8
Ma	43	7	11	1505278307198	3	4	12	4	8
Ho	39	7	10	1505278307607	3	4	12	5	8
Ma	13	6	10	1505278307947	3	4	13	5	8
Ma	47	5	10	1505278308337	3	4	14	5	8
Ma	25	5	10	1505278308718	2	4	15	5	8
Pa	19	5	9	1505278309107	2	4	15	5	9
Pa	26	5	8	1505278309606	2	4	15	5	10
Ho	48	5	7	1505278309977	2	4	15	6	10
Ma	30	5	7	1505278310337	1	4	16	6	10
Ma	44	4	7	1505278310747	1	4	17	6	10
Ma	7	4	7	1505278311118	0	4	18	6	10
Ma	38	3	7	1505278311467	0	4	19	6	10
Pa	10	3	6	1505278312057	0	4	19	6	11
Pa	36	3	5	1505278312447	0	4	19	6	12
Ho	18	3	4	1505278312848	0	4	19	7	12
En	1	1	0	1505284780747	0	0	0	0	0
En	2	2	0	1505284781198	0	0	0	0	0
En	3	3	0	1505284781497	0	0	0	0	0
En	4	3	1	1505284781848	0	0	0	0	0
En	5	3	2	1505284782157	0	0	0	0	0
En	6	3	3	1505284782468	0	0	0	0	0
En	7	4	3	1505284782787	0	0	0	0	0
En	8	5	3	1505284783136	0	0	0	0	0
En	9	6	3	1505284783607	0	0	0	0	0
En	10	7	3	1505284783937	0	0	0	0	0
En	11	8	3	1505284784307	0	0	0	0	0
En	12	9	3	1505284784627	0	0	0	0	0
En	13	10	3	1505284784967	0	0	0	0	0
En	14	11	3	1505284785267	0	0	0	0	0
En	15	11	4	1505284785607	0	0	0	0	0
En	16	11	5	1505284785947	0	0	0	0	0
En	17	11	6	1505284786307	0	0	0	0	0
En	18	12	6	1505284786627	0	0	0	0	0
En	19	13	6	1505284787037	0	0	0	0	0
En	20	13	7	1505284787377	0	0	0	0	0
En	21	13	8	1505284787757	0	0	0	0	0
En	22	14	8	1505284788097	0	0	0	0	0
En	23	15	8	1505284788447	0	0	0	0	0
En	24	16	8	1505284788797	0	0	0	0	0
En	25	16	9	1505284789098	0	0	0	0	0
En	26	16	10	1505284789458	0	0	0	0	0
En	27	17	10	1505284789788	0	0	0	0	0
En	28	17	11	1505284790145	0	0	0	0	0
En	29	17	12	1505284790457	0	0	0	0	0
En	30	17	13	1505284790777	0	0	0	0	0
En	31	18	13	1505284791187	0	0	0	0	0
En	1	1	0	1505284862027	0	0	0	0	0
En	2	2	0	1505284862488	0	0	0	0	0
En	3	3	0	1505284862808	0	0	0	0	0
En	4	4	0	1505284863138	0	0	0	0	0
En	5	4	1	1505284863578	0	0	0	0	0
En	6	4	2	1505284864058	0	0	0	0	0
En	7	4	3	1505284864527	0	0	0	0	0
En	8	4	4	1505284864987	0	0	0	0	0
En	9	5	4	1505284865317	0	0	0	0	0
En	10	6	4	1505284865677	0	0	0	0	0
En	11	7	4	1505284866017	0	0	0	0	0
En	12	7	5	1505284866367	0	0	0	0	0
En	13	7	6	1505284866688	0	0	0	0	0
En	14	7	7	1505284867037	0	0	0	0	0
En	15	7	8	1505284867367	0	0	0	0	0
En	16	7	9	1505284867718	0	0	0	0	0
En	17	8	9	1505284868057	0	0	0	0	0
En	18	8	10	1505284868397	0	0	0	0	0
En	19	8	11	1505284868787	0	0	0	0	0
En	20	8	12	1505284869148	0	0	0	0	0
En	21	8	13	1505284869527	0	0	0	0	0
En	22	9	13	1505284869857	0	0	0	0	0
En	23	9	14	1505284870207	0	0	0	0	0
En	24	10	14	1505284870528	0	0	0	0	0
En	25	10	15	1505284870907	0	0	0	0	0
Ex	7	10	14	1505284876207	0	1	0	0	0
Ex	25	10	13	1505284876548	0	2	0	0	0
Ex	13	10	12	1505284876877	0	3	0	0	0
Ex	12	10	11	1505284877197	0	4	0	0	0
Ex	2	9	11	1505284877548	1	4	0	0	0
Ex	15	9	10	1505284877908	1	5	0	0	0
Ex	11	8	10	1505284878228	2	5	0	0	0
Ex	4	7	10	1505284878927	3	5	0	0	0
Ex	21	7	9	1505284879277	3	6	0	0	0
Ex	14	7	8	1505284879628	3	7	0	0	0
Ex	10	6	8	1505284879988	4	7	0	0	0
Ex	19	6	7	1505284880317	4	8	0	0	0
Ex	6	6	6	1505284880668	4	9	0	0	0
Ex	18	6	5	1505284881018	4	10	0	0	0
Ex	8	6	4	1505284881378	4	11	0	0	0
Ex	17	5	4	1505284881748	5	11	0	0	0
Ex	3	4	4	1505284882078	6	11	0	0	0
Ex	20	4	3	1505284882428	6	12	0	0	0
Ex	24	3	3	1505284882778	7	12	0	0	0
En	26	3	4	1505284886377	7	12	0	0	0
En	27	4	4	1505284886768	7	12	0	0	0
En	28	4	5	1505284887087	7	12	0	0	0
En	29	4	6	1505284887417	7	12	0	0	0
En	30	5	6	1505284887787	7	12	0	0	0
En	31	6	6	1505284888148	7	12	0	0	0
En	32	7	6	1505284888478	7	12	0	0	0
En	33	8	6	1505284888817	7	12	0	0	0
En	34	9	6	1505284889187	7	12	0	0	0
En	35	9	7	1505284889542	7	12	0	0	0
En	36	9	8	1505284889937	7	12	0	0	0
En	37	9	9	1505284890267	7	12	0	0	0
En	38	10	9	1505284890598	7	12	0	0	0
En	39	11	9	1505284890958	7	12	0	0	0
En	40	12	9	1505284891297	7	12	0	0	0
En	41	12	10	1505284891617	7	12	0	0	0
En	42	13	10	1505284891997	7	12	0	0	0
En	43	13	11	1505284892328	7	12	0	0	0
En	44	14	11	1505284892638	7	12	0	0	0
En	45	15	11	1505284893039	7	12	0	0	0
En	46	16	11	1505284893408	7	12	0	0	0
En	47	17	11	1505284893808	7	12	0	0	0
En	48	17	12	1505284894177	7	12	0	0	0
En	49	18	12	1505284894487	7	12	0	0	0
Ex	5	18	11	1505284896677	7	13	0	0	0
Ex	36	18	10	1505284897018	7	14	0	0	0
Ex	45	17	10	1505284897358	8	14	0	0	0
Ex	27	16	10	1505284897698	9	14	0	0	0
Ex	47	15	10	1505284898028	10	14	0	0	0
Ex	43	15	9	1505284898367	10	15	0	0	0
Ex	28	15	8	1505284898697	10	16	0	0	0
Ex	29	15	7	1505284899038	10	17	0	0	0
Ex	44	14	7	1505284899388	11	17	0	0	0
Ex	26	14	6	1505284899718	11	18	0	0	0
Ex	37	14	5	1505284900398	11	19	0	0	0
Pa	35	14	4	1505284904047	11	19	0	0	1
Ma	44	14	4	1505284904487	10	19	1	0	1
Ma	39	13	4	1505284904857	10	19	2	0	1
Ma	2	13	4	1505284905187	9	19	3	0	1
Pa	41	13	3	1505284905537	9	19	3	0	2
Ma	47	13	3	1505284905858	8	19	4	0	2
Ma	30	12	3	1505284906187	8	19	5	0	2
Ma	17	12	3	1505284906517	7	19	6	0	2
Ma	40	11	3	1505284906838	7	19	7	0	2
Pa	23	11	2	1505284907187	7	19	7	0	3
Pa	16	11	1	1505284907507	7	19	7	0	4
Pa	48	11	0	1505284907857	7	19	7	0	5
Ma	42	10	0	1505284911477	7	19	8	0	5
En	50	10	1	1505284917048	7	19	8	0	5
En	51	11	1	1505284917387	7	19	8	0	5
En	52	11	2	1505284917708	7	19	8	0	5
En	53	12	2	1505284918048	7	19	8	0	5
En	54	12	3	1505284918387	7	19	8	0	5
En	55	12	4	1505284918708	7	19	8	0	5
En	56	13	4	1505284919048	7	19	8	0	5
En	57	13	5	1505284919377	7	19	8	0	5
En	58	13	6	1505284919728	7	19	8	0	5
En	59	13	7	1505284920078	7	19	8	0	5
En	60	13	8	1505284920407	7	19	8	0	5
En	61	14	8	1505284920727	7	19	8	0	5
En	62	15	8	1505284921097	7	19	8	0	5
En	63	15	9	1505284921407	7	19	8	0	5
Pa	57	15	8	1505284925067	7	19	8	0	6
Ma	49	14	8	1505284925437	7	19	9	0	6
Ho	50	14	7	1505284925990	7	19	9	1	6
Ma	24	14	7	1505284926397	6	19	10	1	6
Ma	45	14	7	1505284926717	5	19	11	1	6
Ma	3	14	7	1505284927047	4	19	12	1	6
Ma	10	14	7	1505284927408	3	19	13	1	6
Pa	63	14	6	1505284927787	3	19	13	1	7
Ma	33	13	6	1505284928127	3	19	14	1	7
Ho	52	13	5	1505284928457	3	19	14	2	7
Pa	60	13	4	1505284928827	3	19	14	2	8
Pa	59	13	3	1505284929166	3	19	14	2	9
Ho	54	13	2	1505284929557	3	19	14	3	9
Ma	11	13	2	1505284929917	2	19	15	3	9
En	64	13	3	1505284938267	2	19	15	3	9
En	65	13	4	1505284938647	2	19	15	3	9
En	66	14	4	1505284938978	2	19	15	3	9
En	67	15	4	1505284939328	2	19	15	3	9
Ex	53	14	4	1505284943947	2	19	15	3	9
En	54	14	4	1505284944287	2	20	15	2	9
En	43	14	5	1505284944618	2	19	15	2	9
